#   x         y(x)            y(x)^2      classical p(x)    V
 -10.000  0.52780281E-19  0.27857580E-38  0.00000000E+00   50.000000
  -9.980  0.10752866E-18  0.11562412E-37  0.00000000E+00   49.800200
  -9.960  0.16627073E-18  0.27645956E-37  0.00000000E+00   49.600800
  -9.940  0.23116224E-18  0.53435980E-37  0.00000000E+00   49.401800
  -9.920  0.30456658E-18  0.92760801E-37  0.00000000E+00   49.203200
  -9.900  0.38913860E-18  0.15142885E-36  0.00000000E+00   49.005000
  -9.880  0.48791751E-18  0.23806350E-36  0.00000000E+00   48.807200
  -9.860  0.60443211E-18  0.36533817E-36  0.00000000E+00   48.609800
  -9.840  0.74282181E-18  0.55178424E-36  0.00000000E+00   48.412800
  -9.820  0.90797745E-18  0.82442305E-36  0.00000000E+00   48.216200
  -9.800  0.11057065E-17  0.12225869E-35  0.00000000E+00   48.020000
  -9.780  0.13429280E-17  0.18034555E-35  0.00000000E+00   47.824200
  -9.760  0.16279031E-17  0.26500686E-35  0.00000000E+00   47.628800
  -9.740  0.19705097E-17  0.38829083E-35  0.00000000E+00   47.433800
  -9.720  0.23825674E-17  0.56766275E-35  0.00000000E+00   47.239200
  -9.700  0.28782265E-17  0.82841880E-35  0.00000000E+00   47.045000
  -9.680  0.34744294E-17  0.12071660E-34  0.00000000E+00   46.851200
  -9.660  0.41914611E-17  0.17568346E-34  0.00000000E+00   46.657800
  -9.640  0.50536055E-17  0.25538929E-34  0.00000000E+00   46.464800
  -9.620  0.60899263E-17  0.37087203E-34  0.00000000E+00   46.272200
  -9.600  0.73351974E-17  0.53805121E-34  0.00000000E+00   46.080000
  -9.580  0.88310110E-17  0.77986756E-34  0.00000000E+00   45.888200
  -9.560  0.10627096E-16  0.11293517E-33  0.00000000E+00   45.696800
  -9.540  0.12782886E-16  0.16340218E-33  0.00000000E+00   45.505800
  -9.520  0.15369387E-16  0.23621805E-33  0.00000000E+00   45.315200
  -9.500  0.18471392E-16  0.34119231E-33  0.00000000E+00   45.125000
  -9.480  0.22190120E-16  0.49240141E-33  0.00000000E+00   44.935200
  -9.460  0.26646344E-16  0.71002764E-33  0.00000000E+00   44.745800
  -9.440  0.31984109E-16  0.10229832E-32  0.00000000E+00   44.556800
  -9.420  0.38375142E-16  0.14726515E-32  0.00000000E+00   44.368200
  -9.400  0.46024086E-16  0.21182165E-32  0.00000000E+00   44.180000
  -9.380  0.55174700E-16  0.30442475E-32  0.00000000E+00   43.992200
  -9.360  0.66117218E-16  0.43714865E-32  0.00000000E+00   43.804800
  -9.340  0.79197054E-16  0.62721733E-32  0.00000000E+00   43.617800
  -9.320  0.94825119E-16  0.89918032E-32  0.00000000E+00   43.431200
  -9.300  0.11349003E-15  0.12879987E-31  0.00000000E+00   43.245000
  -9.280  0.13577255E-15  0.18434185E-31  0.00000000E+00   43.059200
  -9.260  0.16236267E-15  0.26361637E-31  0.00000000E+00   42.873800
  -9.240  0.19407980E-15  0.37666970E-31  0.00000000E+00   42.688800
  -9.220  0.23189662E-15  0.53776044E-31  0.00000000E+00   42.504200
  -9.200  0.27696725E-15  0.76710856E-31  0.00000000E+00   42.320000
  -9.180  0.33066048E-15  0.10933635E-30  0.00000000E+00   42.136200
  -9.160  0.39459903E-15  0.15570840E-30  0.00000000E+00   41.952800
  -9.140  0.47070584E-15  0.22156399E-30  0.00000000E+00   41.769800
  -9.120  0.56125853E-15  0.31501114E-30  0.00000000E+00   41.587200
  -9.100  0.66895377E-15  0.44749915E-30  0.00000000E+00   41.405000
  -9.080  0.79698290E-15  0.63518175E-30  0.00000000E+00   41.223200
  -9.060  0.94912110E-15  0.90083085E-30  0.00000000E+00   41.041800
  -9.040  0.11298322E-14  0.12765207E-29  0.00000000E+00   40.860800
  -9.020  0.13443920E-14  0.18073898E-29  0.00000000E+00   40.680200
  -9.000  0.15990333E-14  0.25569076E-29  0.00000000E+00   40.500000
  -8.980  0.19011164E-14  0.36142437E-29  0.00000000E+00   40.320200
  -8.960  0.22593291E-14  0.51045679E-29  0.00000000E+00   40.140800
  -8.940  0.26839215E-14  0.72034344E-29  0.00000000E+00   39.961800
  -8.920  0.31869821E-14  0.10156855E-28  0.00000000E+00   39.783200
  -8.900  0.37827611E-14  0.14309282E-28  0.00000000E+00   39.605000
  -8.880  0.44880497E-14  0.20142590E-28  0.00000000E+00   39.427200
  -8.860  0.53226243E-14  0.28330329E-28  0.00000000E+00   39.249800
  -8.840  0.63097673E-14  0.39813163E-28  0.00000000E+00   39.072800
  -8.820  0.74768767E-14  0.55903685E-28  0.00000000E+00   38.896200
  -8.800  0.88561795E-14  0.78431916E-28  0.00000000E+00   38.720000
  -8.780  0.10485566E-13  0.10994710E-27  0.00000000E+00   38.544200
  -8.760  0.12409566E-13  0.15399734E-27  0.00000000E+00   38.368800
  -8.740  0.14680490E-13  0.21551678E-27  0.00000000E+00   38.193800
  -8.720  0.17359758E-13  0.30136120E-27  0.00000000E+00   38.019200
  -8.700  0.20519460E-13  0.42104825E-27  0.00000000E+00   37.845000
  -8.680  0.24244170E-13  0.58777976E-27  0.00000000E+00   37.671200
  -8.660  0.28633061E-13  0.81985216E-27  0.00000000E+00   37.497800
  -8.640  0.33802380E-13  0.11426009E-26  0.00000000E+00   37.324800
  -8.620  0.39888324E-13  0.15910784E-26  0.00000000E+00   37.152200
  -8.600  0.47050395E-13  0.22137397E-26  0.00000000E+00   36.980000
  -8.580  0.55475306E-13  0.30775095E-26  0.00000000E+00   36.808200
  -8.560  0.65381523E-13  0.42747435E-26  0.00000000E+00   36.636800
  -8.540  0.77024560E-13  0.59327829E-26  0.00000000E+00   36.465800
  -8.520  0.90703126E-13  0.82270571E-26  0.00000000E+00   36.295200
  -8.500  0.10676627E-12  0.11399037E-25  0.00000000E+00   36.125000
  -8.480  0.12562170E-12  0.15780811E-25  0.00000000E+00   35.955200
  -8.460  0.14774540E-12  0.21828702E-25  0.00000000E+00   35.785800
  -8.440  0.17369285E-12  0.30169206E-25  0.00000000E+00   35.616800
  -8.420  0.20411201E-12  0.41661714E-25  0.00000000E+00   35.448200
  -8.400  0.23975838E-12  0.57484083E-25  0.00000000E+00   35.280000
  -8.380  0.28151245E-12  0.79249260E-25  0.00000000E+00   35.112200
  -8.360  0.33039993E-12  0.10916411E-24  0.00000000E+00   34.944800
  -8.340  0.38761518E-12  0.15024553E-24  0.00000000E+00   34.777800
  -8.320  0.45454832E-12  0.20661418E-24  0.00000000E+00   34.611200
  -8.300  0.53281661E-12  0.28389354E-24  0.00000000E+00   34.445000
  -8.280  0.62430070E-12  0.38975137E-24  0.00000000E+00   34.279200
  -8.260  0.73118661E-12  0.53463386E-24  0.00000000E+00   34.113800
  -8.240  0.85601412E-12  0.73276018E-24  0.00000000E+00   33.948800
  -8.220  0.10017328E-11  0.10034686E-23  0.00000000E+00   33.784200
  -8.200  0.11717664E-11  0.13730366E-23  0.00000000E+00   33.620000
  -8.180  0.13700878E-11  0.18771405E-23  0.00000000E+00   33.456200
  -8.160  0.16013042E-11  0.25641753E-23  0.00000000E+00   33.292800
  -8.140  0.18707571E-11  0.34997322E-23  0.00000000E+00   33.129800
  -8.120  0.21846356E-11  0.47726328E-23  0.00000000E+00   32.967200
  -8.100  0.25501082E-11  0.65030520E-23  0.00000000E+00   32.805000
  -8.080  0.29754741E-11  0.88534464E-23  0.00000000E+00   32.643200
  -8.060  0.34703371E-11  0.12043240E-22  0.00000000E+00   32.481800
  -8.040  0.40458057E-11  0.16368544E-22  0.00000000E+00   32.320800
  -8.020  0.47147233E-11  0.22228615E-22  0.00000000E+00   32.160200
  -8.000  0.54919323E-11  0.30161321E-22  0.00000000E+00   32.000000
  -7.980  0.63945780E-11  0.40890628E-22  0.00000000E+00   31.840200
  -7.960  0.74424564E-11  0.55390157E-22  0.00000000E+00   31.680800
  -7.940  0.86584142E-11  0.74968137E-22  0.00000000E+00   31.521800
  -7.920  0.10068807E-10  0.10138088E-21  0.00000000E+00   31.363200
  -7.900  0.11704025E-10  0.13698421E-21  0.00000000E+00   31.205000
  -7.880  0.13599094E-10  0.18493537E-21  0.00000000E+00   31.047200
  -7.860  0.15794366E-10  0.24946199E-21  0.00000000E+00   30.889800
  -7.840  0.18336305E-10  0.33622006E-21  0.00000000E+00   30.732800
  -7.820  0.21278392E-10  0.45276997E-21  0.00000000E+00   30.576200
  -7.800  0.24682158E-10  0.60920891E-21  0.00000000E+00   30.420000
  -7.780  0.28618358E-10  0.81901043E-21  0.00000000E+00   30.264200
  -7.760  0.33168325E-10  0.11001378E-20  0.00000000E+00   30.108800
  -7.740  0.38425500E-10  0.14765191E-20  0.00000000E+00   29.953800
  -7.720  0.44497197E-10  0.19800005E-20  0.00000000E+00   29.799200
  -7.700  0.51506597E-10  0.26529295E-20  0.00000000E+00   29.645000
  -7.680  0.59595036E-10  0.35515683E-20  0.00000000E+00   29.491200
  -7.660  0.68924605E-10  0.47506012E-20  0.00000000E+00   29.337800
  -7.640  0.79681118E-10  0.63490806E-20  0.00000000E+00   29.184800
  -7.620  0.92077480E-10  0.84782623E-20  0.00000000E+00   29.032200
  -7.600  0.10635753E-09  0.11311924E-19  0.00000000E+00   28.880000
  -7.580  0.12280042E-09  0.15079943E-19  0.00000000E+00   28.728200
  -7.560  0.14172555E-09  0.20086132E-19  0.00000000E+00   28.576800
  -7.540  0.16349826E-09  0.26731680E-19  0.00000000E+00   28.425800
  -7.520  0.18853618E-09  0.35545892E-19  0.00000000E+00   28.275200
  -7.500  0.21731657E-09  0.47226492E-19  0.00000000E+00   28.125000
  -7.480  0.25038452E-09  0.62692410E-19  0.00000000E+00   27.975200
  -7.460  0.28836235E-09  0.83152847E-19  0.00000000E+00   27.825800
  -7.440  0.33196021E-09  0.11019758E-18  0.00000000E+00   27.676800
  -7.420  0.38198810E-09  0.14591491E-18  0.00000000E+00   27.528200
  -7.400  0.43936950E-09  0.19304556E-18  0.00000000E+00   27.380000
  -7.380  0.50515680E-09  0.25518339E-18  0.00000000E+00   27.232200
  -7.360  0.58054870E-09  0.33703680E-18  0.00000000E+00   27.084800
  -7.340  0.66690998E-09  0.44476893E-18  0.00000000E+00   26.937800
  -7.320  0.76579375E-09  0.58644008E-18  0.00000000E+00   26.791200
  -7.300  0.87896667E-09  0.77258241E-18  0.00000000E+00   26.645000
  -7.280  0.10084373E-08  0.10169459E-17  0.00000000E+00   26.499200
  -7.260  0.11564884E-08  0.13374655E-17  0.00000000E+00   26.353800
  -7.240  0.13257129E-08  0.17575146E-17  0.00000000E+00   26.208800
  -7.220  0.15190546E-08  0.23075270E-17  0.00000000E+00   26.064200
  -7.200  0.17398547E-08  0.30270945E-17  0.00000000E+00   25.920000
  -7.180  0.19919031E-08  0.39676780E-17  0.00000000E+00   25.776200
  -7.160  0.22794968E-08  0.51961056E-17  0.00000000E+00   25.632800
  -7.140  0.26075056E-08  0.67990853E-17  0.00000000E+00   25.489800
  -7.120  0.29814459E-08  0.88890197E-17  0.00000000E+00   25.347200
  -7.100  0.34075637E-08  0.11611491E-16  0.00000000E+00   25.205000
  -7.080  0.38929277E-08  0.15154886E-16  0.00000000E+00   25.063200
  -7.060  0.44455338E-08  0.19762770E-16  0.00000000E+00   24.921800
  -7.040  0.50744228E-08  0.25749767E-16  0.00000000E+00   24.780800
  -7.020  0.57898124E-08  0.33521928E-16  0.00000000E+00   24.640200
  -7.000  0.66032442E-08  0.43602834E-16  0.00000000E+00   24.500000
  -6.980  0.75277499E-08  0.56667019E-16  0.00000000E+00   24.360200
  -6.960  0.85780367E-08  0.73582714E-16  0.00000000E+00   24.220800
  -6.940  0.97706946E-08  0.95466473E-16  0.00000000E+00   24.081800
  -6.920  0.11124429E-07  0.12375292E-15  0.00000000E+00   23.943200
  -6.900  0.12660320E-07  0.16028371E-15  0.00000000E+00   23.805000
  -6.880  0.14402115E-07  0.20742092E-15  0.00000000E+00   23.667200
  -6.860  0.16376549E-07  0.26819135E-15  0.00000000E+00   23.529800
  -6.840  0.18613711E-07  0.34647023E-15  0.00000000E+00   23.392800
  -6.820  0.21147446E-07  0.44721447E-15  0.00000000E+00   23.256200
  -6.800  0.24015808E-07  0.57675902E-15  0.00000000E+00   23.120000
  -6.780  0.27261560E-07  0.74319268E-15  0.00000000E+00   22.984200
  -6.760  0.30932740E-07  0.95683439E-15  0.00000000E+00   22.848800
  -6.740  0.35083277E-07  0.12308363E-14  0.00000000E+00   22.713800
  -6.720  0.39773693E-07  0.15819467E-14  0.00000000E+00   22.579200
  -6.700  0.45071875E-07  0.20314739E-14  0.00000000E+00   22.445000
  -6.680  0.51053930E-07  0.26065037E-14  0.00000000E+00   22.311200
  -6.660  0.57805145E-07  0.33414348E-14  0.00000000E+00   22.177800
  -6.640  0.65421050E-07  0.42799138E-14  0.00000000E+00   22.044800
  -6.620  0.74008591E-07  0.54772715E-14  0.00000000E+00   21.912200
  -6.600  0.83687440E-07  0.70035877E-14  0.00000000E+00   21.780000
  -6.580  0.94591449E-07  0.89475422E-14  0.00000000E+00   21.648200
  -6.560  0.10687025E-06  0.11421251E-13  0.00000000E+00   21.516800
  -6.540  0.12069105E-06  0.14566329E-13  0.00000000E+00   21.385800
  -6.520  0.13624058E-06  0.18561496E-13  0.00000000E+00   21.255200
  -6.500  0.15372730E-06  0.23632084E-13  0.00000000E+00   21.125000
  -6.480  0.17338381E-06  0.30061946E-13  0.00000000E+00   20.995200
  -6.460  0.19546951E-06  0.38208328E-13  0.00000000E+00   20.865800
  -6.440  0.22027354E-06  0.48520431E-13  0.00000000E+00   20.736800
  -6.420  0.24811806E-06  0.61562573E-13  0.00000000E+00   20.608200
  -6.400  0.27936185E-06  0.78043043E-13  0.00000000E+00   20.480000
  -6.380  0.31440423E-06  0.98850019E-13  0.00000000E+00   20.352200
  -6.360  0.35368947E-06  0.12509624E-12  0.00000000E+00   20.224800
  -6.340  0.39771161E-06  0.15817453E-12  0.00000000E+00   20.097800
  -6.320  0.44701973E-06  0.19982664E-12  0.00000000E+00   19.971200
  -6.300  0.50222381E-06  0.25222876E-12  0.00000000E+00   19.845000
  -6.280  0.56400117E-06  0.31809732E-12  0.00000000E+00   19.719200
  -6.260  0.63310348E-06  0.40082002E-12  0.00000000E+00   19.593800
  -6.240  0.71036458E-06  0.50461783E-12  0.00000000E+00   19.468800
  -6.220  0.79670893E-06  0.63474513E-12  0.00000000E+00   19.344200
  -6.200  0.89316105E-06  0.79773665E-12  0.00000000E+00   19.220000
  -6.180  0.10008557E-05  0.10017121E-11  0.00000000E+00   19.096200
  -6.160  0.11210491E-05  0.12567510E-11  0.00000000E+00   18.972800
  -6.140  0.12551314E-05  0.15753547E-11  0.00000000E+00   18.849800
  -6.120  0.14046399E-05  0.19730134E-11  0.00000000E+00   18.727200
  -6.100  0.15712744E-05  0.24689031E-11  0.00000000E+00   18.605000
  -6.080  0.17569124E-05  0.30867411E-11  0.00000000E+00   18.483200
  -6.060  0.19636277E-05  0.38558335E-11  0.00000000E+00   18.361800
  -6.040  0.21937090E-05  0.48123593E-11  0.00000000E+00   18.240800
  -6.020  0.24496816E-05  0.60009400E-11  0.00000000E+00   18.120200
  -6.000  0.27343297E-05  0.74765591E-11  0.00000000E+00   18.000000
  -5.980  0.30507220E-05  0.93069049E-11  0.00000000E+00   17.880200
  -5.960  0.34022387E-05  0.11575228E-10  0.00000000E+00   17.760800
  -5.940  0.37926015E-05  0.14383826E-10  0.00000000E+00   17.641800
  -5.920  0.42259057E-05  0.17858279E-10  0.00000000E+00   17.523200
  -5.900  0.47066557E-05  0.22152608E-10  0.00000000E+00   17.405000
  -5.880  0.52398033E-05  0.27455538E-10  0.00000000E+00   17.287200
  -5.860  0.58307891E-05  0.33998102E-10  0.00000000E+00   17.169800
  -5.840  0.64855881E-05  0.42062853E-10  0.00000000E+00   17.052800
  -5.820  0.72107584E-05  0.51995036E-10  0.00000000E+00   16.936200
  -5.800  0.80134946E-05  0.64216096E-10  0.00000000E+00   16.820000
  -5.780  0.89016857E-05  0.79240008E-10  0.00000000E+00   16.704200
  -5.760  0.98839771E-05  0.97693003E-10  0.00000000E+00   16.588800
  -5.740  0.10969839E-04  0.12033736E-09  0.00000000E+00   16.473800
  -5.720  0.12169638E-04  0.14810009E-09  0.00000000E+00   16.359200
  -5.700  0.13494720E-04  0.18210746E-09  0.00000000E+00   16.245000
  -5.680  0.14957489E-04  0.22372648E-09  0.00000000E+00   16.131200
  -5.660  0.16571508E-04  0.27461488E-09  0.00000000E+00   16.017800
  -5.640  0.18351591E-04  0.33678091E-09  0.00000000E+00   15.904800
  -5.620  0.20313916E-04  0.41265519E-09  0.00000000E+00   15.792200
  -5.600  0.22476136E-04  0.50517671E-09  0.00000000E+00   15.680000
  -5.580  0.24857509E-04  0.61789575E-09  0.00000000E+00   15.568200
  -5.560  0.27479026E-04  0.75509688E-09  0.00000000E+00   15.456800
  -5.540  0.30363562E-04  0.92194590E-09  0.00000000E+00   15.345800
  -5.520  0.33536026E-04  0.11246650E-08  0.00000000E+00   15.235200
  -5.500  0.37023530E-04  0.13707417E-08  0.00000000E+00   15.125000
  -5.480  0.40855566E-04  0.16691773E-08  0.00000000E+00   15.015200
  -5.460  0.45064203E-04  0.20307824E-08  0.00000000E+00   14.905800
  -5.440  0.49684283E-04  0.24685280E-08  0.00000000E+00   14.796800
  -5.420  0.54753652E-04  0.29979624E-08  0.00000000E+00   14.688200
  -5.400  0.60313387E-04  0.36377046E-08  0.00000000E+00   14.580000
  -5.380  0.66408053E-04  0.44100294E-08  0.00000000E+00   14.472200
  -5.360  0.73085969E-04  0.53415588E-08  0.00000000E+00   14.364800
  -5.340  0.80399499E-04  0.64640794E-08  0.00000000E+00   14.257800
  -5.320  0.88405356E-04  0.78155070E-08  0.00000000E+00   14.151200
  -5.300  0.97164930E-04  0.94410236E-08  0.00000000E+00   14.045000
  -5.280  0.10674464E-03  0.11394418E-07  0.00000000E+00   13.939200
  -5.260  0.11721629E-03  0.13739658E-07  0.00000000E+00   13.833800
  -5.240  0.12865749E-03  0.16552750E-07  0.00000000E+00   13.728800
  -5.220  0.14115206E-03  0.19923903E-07  0.00000000E+00   13.624200
  -5.200  0.15479046E-03  0.23960085E-07  0.00000000E+00   13.520000
  -5.180  0.16967029E-03  0.28788008E-07  0.00000000E+00   13.416200
  -5.160  0.18589679E-03  0.34557618E-07  0.00000000E+00   13.312800
  -5.140  0.20358336E-03  0.41446184E-07  0.00000000E+00   13.209800
  -5.120  0.22285210E-03  0.49663060E-07  0.00000000E+00   13.107200
  -5.100  0.24383446E-03  0.59455245E-07  0.00000000E+00   13.005000
  -5.080  0.26667182E-03  0.71113862E-07  0.00000000E+00   12.903200
  -5.060  0.29151618E-03  0.84981684E-07  0.00000000E+00   12.801800
  -5.040  0.31853084E-03  0.10146190E-06  0.00000000E+00   12.700800
  -5.020  0.34789116E-03  0.12102826E-06  0.00000000E+00   12.600200
  -5.000  0.37978532E-03  0.14423689E-06  0.00000000E+00   12.500000
  -4.980  0.41441515E-03  0.17173991E-06  0.00000000E+00   12.400200
  -4.960  0.45199695E-03  0.20430125E-06  0.00000000E+00   12.300800
  -4.940  0.49276247E-03  0.24281485E-06  0.00000000E+00   12.201800
  -4.920  0.53695977E-03  0.28832579E-06  0.00000000E+00   12.103200
  -4.900  0.58485425E-03  0.34205450E-06  0.00000000E+00   12.005000
  -4.880  0.63672971E-03  0.40542472E-06  0.00000000E+00   11.907200
  -4.860  0.69288937E-03  0.48009567E-06  0.00000000E+00   11.809800
  -4.840  0.75365706E-03  0.56799896E-06  0.00000000E+00   11.712800
  -4.820  0.81937837E-03  0.67138092E-06  0.00000000E+00   11.616200
  -4.800  0.89042190E-03  0.79285116E-06  0.00000000E+00   11.520000
  -4.780  0.96718050E-03  0.93543813E-06  0.00000000E+00   11.424200
  -4.760  0.10500727E-02  0.11026526E-05  0.00000000E+00   11.328800
  -4.740  0.11395438E-02  0.12985602E-05  0.00000000E+00   11.233800
  -4.720  0.12360679E-02  0.15278639E-05  0.00000000E+00   11.139200
  -4.700  0.13401486E-02  0.17959984E-05  0.00000000E+00   11.045000
  -4.680  0.14523213E-02  0.21092371E-05  0.00000000E+00   10.951200
  -4.660  0.15731540E-02  0.24748136E-05  0.00000000E+00   10.857800
  -4.640  0.17032497E-02  0.29010597E-05  0.00000000E+00   10.764800
  -4.620  0.18432477E-02  0.33975619E-05  0.00000000E+00   10.672200
  -4.600  0.19938250E-02  0.39753381E-05  0.00000000E+00   10.580000
  -4.580  0.21556988E-02  0.46470375E-05  0.00000000E+00   10.488200
  -4.560  0.23296279E-02  0.54271660E-05  0.00000000E+00   10.396800
  -4.540  0.25164142E-02  0.63323406E-05  0.00000000E+00   10.305800
  -4.520  0.27169055E-02  0.73815757E-05  0.00000000E+00   10.215200
  -4.500  0.29319966E-02  0.85966039E-05  0.00000000E+00   10.125000
  -4.480  0.31626315E-02  0.10002238E-04  0.00000000E+00   10.035200
  -4.460  0.34098055E-02  0.11626774E-04  0.00000000E+00    9.945800
  -4.440  0.36745673E-02  0.13502445E-04  0.00000000E+00    9.856800
  -4.420  0.39580207E-02  0.15665928E-04  0.00000000E+00    9.768200
  -4.400  0.42613268E-02  0.18158906E-04  0.00000000E+00    9.680000
  -4.380  0.45857059E-02  0.21028699E-04  0.00000000E+00    9.592200
  -4.360  0.49324400E-02  0.24328964E-04  0.00000000E+00    9.504800
  -4.340  0.53028741E-02  0.28120474E-04  0.00000000E+00    9.417800
  -4.320  0.56984190E-02  0.32471979E-04  0.00000000E+00    9.331200
  -4.300  0.61205525E-02  0.37461163E-04  0.00000000E+00    9.245000
  -4.280  0.65708220E-02  0.43175702E-04  0.00000000E+00    9.159200
  -4.260  0.70508461E-02  0.49714431E-04  0.00000000E+00    9.073800
  -4.240  0.75623164E-02  0.57188629E-04  0.00000000E+00    8.988800
  -4.220  0.81069995E-02  0.65723441E-04  0.00000000E+00    8.904200
  -4.200  0.86867387E-02  0.75459428E-04  0.00000000E+00    8.820000
  -4.180  0.93034552E-02  0.86554278E-04  0.00000000E+00    8.736200
  -4.160  0.99591502E-02  0.99184674E-04  0.00000000E+00    8.652800
  -4.140  0.10655906E-01  0.11354834E-03  0.00000000E+00    8.569800
  -4.120  0.11395888E-01  0.12986626E-03  0.00000000E+00    8.487200
  -4.100  0.12181343E-01  0.14838512E-03  0.00000000E+00    8.405000
  -4.080  0.13014605E-01  0.16937995E-03  0.00000000E+00    8.323200
  -4.060  0.13898092E-01  0.19315697E-03  0.00000000E+00    8.241800
  -4.040  0.14834308E-01  0.22005669E-03  0.00000000E+00    8.160800
  -4.020  0.15825843E-01  0.25045729E-03  0.00000000E+00    8.080200
  -4.000  0.16875373E-01  0.28477821E-03  0.00000000E+00    8.000000
  -3.980  0.17985662E-01  0.32348402E-03  0.00000000E+00    7.920200
  -3.960  0.19159557E-01  0.36708864E-03  0.00000000E+00    7.840800
  -3.940  0.20399995E-01  0.41615979E-03  0.00000000E+00    7.761800
  -3.920  0.21709991E-01  0.47132373E-03  0.00000000E+00    7.683200
  -3.900  0.23092649E-01  0.53327042E-03  0.00000000E+00    7.605000
  -3.880  0.24551149E-01  0.60275890E-03  0.00000000E+00    7.527200
  -3.860  0.26088753E-01  0.68062304E-03  0.00000000E+00    7.449800
  -3.840  0.27708800E-01  0.76777759E-03  0.00000000E+00    7.372800
  -3.820  0.29414701E-01  0.86522463E-03  0.00000000E+00    7.296200
  -3.800  0.31209939E-01  0.97406029E-03  0.00000000E+00    7.220000
  -3.780  0.33098063E-01  0.10954818E-02  0.00000000E+00    7.144200
  -3.760  0.35082684E-01  0.12307947E-02  0.00000000E+00    7.068800
  -3.740  0.37167473E-01  0.13814210E-02  0.00000000E+00    6.993800
  -3.720  0.39356149E-01  0.15489065E-02  0.00000000E+00    6.919200
  -3.700  0.41652482E-01  0.17349293E-02  0.00000000E+00    6.845000
  -3.680  0.44060280E-01  0.19413083E-02  0.00000000E+00    6.771200
  -3.660  0.46583384E-01  0.21700117E-02  0.00000000E+00    6.697800
  -3.640  0.49225661E-01  0.24231657E-02  0.00000000E+00    6.624800
  -3.620  0.51990995E-01  0.27030636E-02  0.00000000E+00    6.552200
  -3.600  0.54883279E-01  0.30121743E-02  0.00000000E+00    6.480000
  -3.580  0.57906403E-01  0.33531515E-02  0.00000000E+00    6.408200
  -3.560  0.61064248E-01  0.37288423E-02  0.00000000E+00    6.336800
  -3.540  0.64360671E-01  0.41422960E-02  0.00000000E+00    6.265800
  -3.520  0.67799498E-01  0.45967719E-02  0.00000000E+00    6.195200
  -3.500  0.71384506E-01  0.50957478E-02  0.00000000E+00    6.125000
  -3.480  0.75119416E-01  0.56429267E-02  0.00000000E+00    6.055200
  -3.460  0.79007875E-01  0.62422443E-02  0.00000000E+00    5.985800
  -3.440  0.83053443E-01  0.68978744E-02  0.00000000E+00    5.916800
  -3.420  0.87259580E-01  0.76142344E-02  0.00000000E+00    5.848200
  -3.400  0.91629629E-01  0.83959889E-02  0.00000000E+00    5.780000
  -3.380  0.96166797E-01  0.92480529E-02  0.00000000E+00    5.712200
  -3.360  0.10087414E+00  0.10175593E-01  0.00000000E+00    5.644800
  -3.340  0.10575456E+00  0.11184027E-01  0.00000000E+00    5.577800
  -3.320  0.11081075E+00  0.12279021E-01  0.00000000E+00    5.511200
  -3.300  0.11604520E+00  0.13466489E-01  0.00000000E+00    5.445000
  -3.280  0.12146021E+00  0.14752582E-01  0.00000000E+00    5.379200
  -3.260  0.12705779E+00  0.16143681E-01  0.00000000E+00    5.313800
  -3.240  0.13283971E+00  0.17646389E-01  0.00000000E+00    5.248800
  -3.220  0.13880746E+00  0.19267510E-01  0.00000000E+00    5.184200
  -3.200  0.14496220E+00  0.21014038E-01  0.00000000E+00    5.120000
  -3.180  0.15130478E+00  0.22893136E-01  0.00000000E+00    5.056200
  -3.160  0.15783570E+00  0.24912108E-01  0.00000000E+00    4.992800
  -3.140  0.16455508E+00  0.27078374E-01  0.00000000E+00    4.929800
  -3.120  0.17146265E+00  0.29399440E-01  0.00000000E+00    4.867200
  -3.100  0.17855772E+00  0.31882860E-01  0.00000000E+00    4.805000
  -3.080  0.18583917E+00  0.34536197E-01  0.00000000E+00    4.743200
  -3.060  0.19330541E+00  0.37366980E-01  0.00000000E+00    4.681800
  -3.040  0.20095436E+00  0.40382655E-01  0.00000000E+00    4.620800
  -3.020  0.20878345E+00  0.43590530E-01  0.00000000E+00    4.560200
  -3.000  0.21678958E+00  0.46997722E-01  0.00000000E+00    4.500000
  -2.980  0.22496909E+00  0.50611092E-01  0.00000000E+00    4.440200
  -2.960  0.23331777E+00  0.54437181E-01  0.00000000E+00    4.380800
  -2.940  0.24183080E+00  0.58482134E-01  0.00000000E+00    4.321800
  -2.920  0.25050276E+00  0.62751635E-01  0.00000000E+00    4.263200
  -2.900  0.25932762E+00  0.67250816E-01  0.00000000E+00    4.205000
  -2.880  0.26829869E+00  0.71984186E-01  0.00000000E+00    4.147200
  -2.860  0.27740861E+00  0.76955538E-01  0.00000000E+00    4.089800
  -2.840  0.28664937E+00  0.82167861E-01  0.00000000E+00    4.032800
  -2.820  0.29601225E+00  0.87623252E-01  0.00000000E+00    3.976200
  -2.800  0.30548784E+00  0.93322820E-01  0.00000000E+00    3.920000
  -2.780  0.31506601E+00  0.99266593E-01  0.00000000E+00    3.864200
  -2.760  0.32473592E+00  0.10545342E+00  0.00000000E+00    3.808800
  -2.740  0.33448599E+00  0.11188088E+00  0.00000000E+00    3.753800
  -2.720  0.34430392E+00  0.11854519E+00  0.00000000E+00    3.699200
  -2.700  0.35417665E+00  0.12544110E+00  0.00000000E+00    3.645000
  -2.680  0.36409040E+00  0.13256182E+00  0.00000000E+00    3.591200
  -2.660  0.37403066E+00  0.13989893E+00  0.00000000E+00    3.537800
  -2.640  0.38398222E+00  0.14744235E+00  0.18210253E+01    3.484800
  -2.620  0.39392906E+00  0.15518010E+00  0.86225366E+00    3.432200
  -2.600  0.40385447E+00  0.16309843E+00  0.64812801E+00    3.380000
  -2.580  0.41374105E+00  0.17118166E+00  0.54167705E+00    3.328200
  -2.560  0.42357071E+00  0.17941215E+00  0.47523152E+00    3.276800
  -2.540  0.43332469E+00  0.18777028E+00  0.42876448E+00    3.225800
  -2.520  0.44298355E+00  0.19623443E+00  0.39395322E+00    3.175200
  -2.500  0.45252727E+00  0.20478093E+00  0.36663771E+00    3.125000
  -2.480  0.46193517E+00  0.21338410E+00  0.34447728E+00    3.075200
  -2.460  0.47118605E+00  0.22201629E+00  0.32604093E+00    3.025800
  -2.440  0.48025813E+00  0.23064787E+00  0.31039811E+00    2.976800
  -2.420  0.48912916E+00  0.23924733E+00  0.29691416E+00    2.928200
  -2.400  0.49777641E+00  0.24778135E+00  0.28513936E+00    2.880000
  -2.380  0.50617672E+00  0.25621488E+00  0.27474502E+00    2.832200
  -2.360  0.51430659E+00  0.26451127E+00  0.26548459E+00    2.784800
  -2.340  0.52214217E+00  0.27263245E+00  0.25716900E+00    2.737800
  -2.320  0.52965936E+00  0.28053903E+00  0.24965055E+00    2.691200
  -2.300  0.53683381E+00  0.28819054E+00  0.24281195E+00    2.645000
  -2.280  0.54364107E+00  0.29554561E+00  0.23655871E+00    2.599200
  -2.260  0.55005655E+00  0.30256221E+00  0.23081375E+00    2.553800
  -2.240  0.55605567E+00  0.30919791E+00  0.22551348E+00    2.508800
  -2.220  0.56161386E+00  0.31541013E+00  0.22060493E+00    2.464200
  -2.200  0.56670670E+00  0.32115648E+00  0.21604355E+00    2.420000
  -2.180  0.57130992E+00  0.32639502E+00  0.21179157E+00    2.376200
  -2.160  0.57539954E+00  0.33108463E+00  0.20781675E+00    2.332800
  -2.140  0.57895190E+00  0.33518531E+00  0.20409136E+00    2.289800
  -2.120  0.58194379E+00  0.33865858E+00  0.20059141E+00    2.247200
  -2.100  0.58435249E+00  0.34146783E+00  0.19729602E+00    2.205000
  -2.080  0.58615585E+00  0.34357868E+00  0.19418693E+00    2.163200
  -2.060  0.58733241E+00  0.34495936E+00  0.19124809E+00    2.121800
  -2.040  0.58786147E+00  0.34558111E+00  0.18846531E+00    2.080800
  -2.020  0.58772318E+00  0.34541853E+00  0.18582603E+00    2.040200
  -2.000  0.58689860E+00  0.34444997E+00  0.18331905E+00    2.000000
  -1.980  0.58536984E+00  0.34265785E+00  0.18093437E+00    1.960200
  -1.960  0.58312010E+00  0.34002905E+00  0.17866302E+00    1.920800
  -1.940  0.58013377E+00  0.33655519E+00  0.17649693E+00    1.881800
  -1.920  0.57639653E+00  0.33223296E+00  0.17442881E+00    1.843200
  -1.900  0.57189544E+00  0.32706439E+00  0.17245207E+00    1.805000
  -1.880  0.56661898E+00  0.32105707E+00  0.17056073E+00    1.767200
  -1.860  0.56055719E+00  0.31422436E+00  0.16874934E+00    1.729800
  -1.840  0.55370170E+00  0.30658557E+00  0.16701295E+00    1.692800
  -1.820  0.54604584E+00  0.29816606E+00  0.16534702E+00    1.656200
  -1.800  0.53758468E+00  0.28899729E+00  0.16374737E+00    1.620000
  -1.780  0.52831516E+00  0.27911691E+00  0.16221021E+00    1.584200
  -1.760  0.51823609E+00  0.26856864E+00  0.16073201E+00    1.548800
  -1.740  0.50734824E+00  0.25740223E+00  0.15930954E+00    1.513800
  -1.720  0.49565440E+00  0.24567328E+00  0.15793981E+00    1.479200
  -1.700  0.48315944E+00  0.23344305E+00  0.15662005E+00    1.445000
  -1.680  0.46987035E+00  0.22077815E+00  0.15534771E+00    1.411200
  -1.660  0.45579627E+00  0.20775024E+00  0.15412040E+00    1.377800
  -1.640  0.44094855E+00  0.19443562E+00  0.15293592E+00    1.344800
  -1.620  0.42534074E+00  0.18091475E+00  0.15179221E+00    1.312200
  -1.600  0.40898868E+00  0.16727174E+00  0.15068735E+00    1.280000
  -1.580  0.39191044E+00  0.15359379E+00  0.14961956E+00    1.248200
  -1.560  0.37412638E+00  0.13997055E+00  0.14858717E+00    1.216800
  -1.540  0.35565915E+00  0.12649343E+00  0.14758861E+00    1.185800
  -1.520  0.33653366E+00  0.11325490E+00  0.14662242E+00    1.155200
  -1.500  0.31677707E+00  0.10034771E+00  0.14568723E+00    1.125000
  -1.480  0.29641879E+00  0.87864096E-01  0.14478175E+00    1.095200
  -1.460  0.27549042E+00  0.75894971E-01  0.14390476E+00    1.065800
  -1.440  0.25402575E+00  0.64529082E-01  0.14305514E+00    1.036800
  -1.420  0.23206068E+00  0.53852160E-01  0.14223180E+00    1.008200
  -1.400  0.20963318E+00  0.43946071E-01  0.14143374E+00    0.980000
  -1.380  0.18678322E+00  0.34887971E-01  0.14066001E+00    0.952200
  -1.360  0.16355270E+00  0.26749487E-01  0.13990970E+00    0.924800
  -1.340  0.13998539E+00  0.19595910E-01  0.13918197E+00    0.897800
  -1.320  0.11612680E+00  0.13485434E-01  0.13847601E+00    0.871200
  -1.300  0.92024121E-01  0.84684389E-02  0.13779106E+00    0.845000
  -1.280  0.67726103E-01  0.45868250E-02  0.13712641E+00    0.819200
  -1.260  0.43282948E-01  0.18734136E-02  0.13648137E+00    0.793800
  -1.240  0.18746187E-01  0.35141952E-03  0.13585529E+00    0.768800
  -1.220 -0.58314445E-02  0.34005745E-04  0.13524757E+00    0.744200
  -1.200 -0.30396142E-01  0.92392547E-03  0.13465761E+00    0.720000
  -1.180 -0.54893174E-01  0.30132605E-02  0.13408488E+00    0.696200
  -1.160 -0.79267025E-01  0.62832613E-02  0.13352883E+00    0.672800
  -1.140 -0.10346155E+00  0.10704293E-01  0.13298898E+00    0.649800
  -1.120 -0.12742015E+00  0.16235894E-01  0.13246484E+00    0.627200
  -1.100 -0.15108589E+00  0.22826946E-01  0.13195597E+00    0.605000
  -1.080 -0.17440172E+00  0.30415959E-01  0.13146193E+00    0.583200
  -1.060 -0.19731061E+00  0.38931476E-01  0.13098231E+00    0.561800
  -1.040 -0.21975574E+00  0.48292585E-01  0.13051672E+00    0.540800
  -1.020 -0.24168068E+00  0.58409549E-01  0.13006479E+00    0.520200
  -1.000 -0.26302955E+00  0.69184542E-01  0.12962617E+00    0.500000
  -0.980 -0.28374722E+00  0.80512487E-01  0.12920051E+00    0.480200
  -0.960 -0.30377950E+00  0.92281987E-01  0.12878749E+00    0.460800
  -0.940 -0.32307329E+00  0.10437635E+00  0.12838680E+00    0.441800
  -0.920 -0.34157679E+00  0.11667470E+00  0.12799815E+00    0.423200
  -0.900 -0.35923965E+00  0.12905313E+00  0.12762125E+00    0.405000
  -0.880 -0.37601318E+00  0.14138591E+00  0.12725584E+00    0.387200
  -0.860 -0.39185052E+00  0.15354683E+00  0.12690165E+00    0.369800
  -0.840 -0.40670678E+00  0.16541041E+00  0.12655845E+00    0.352800
  -0.820 -0.42053924E+00  0.17685326E+00  0.12622600E+00    0.336200
  -0.800 -0.43330751E+00  0.18775540E+00  0.12590407E+00    0.320000
  -0.780 -0.44497366E+00  0.19800156E+00  0.12559245E+00    0.304200
  -0.760 -0.45550241E+00  0.20748245E+00  0.12529093E+00    0.288800
  -0.740 -0.46486123E+00  0.21609596E+00  0.12499933E+00    0.273800
  -0.720 -0.47302052E+00  0.22374841E+00  0.12471745E+00    0.259200
  -0.700 -0.47995369E+00  0.23035555E+00  0.12444511E+00    0.245000
  -0.680 -0.48563734E+00  0.23584362E+00  0.12418214E+00    0.231200
  -0.660 -0.49005131E+00  0.24015028E+00  0.12392839E+00    0.217800
  -0.640 -0.49317880E+00  0.24322533E+00  0.12368369E+00    0.204800
  -0.620 -0.49500649E+00  0.24503143E+00  0.12344790E+00    0.192200
  -0.600 -0.49552458E+00  0.24554461E+00  0.12322087E+00    0.180000
  -0.580 -0.49472686E+00  0.24475466E+00  0.12300248E+00    0.168200
  -0.560 -0.49261078E+00  0.24266538E+00  0.12279259E+00    0.156800
  -0.540 -0.48917749E+00  0.23929462E+00  0.12259107E+00    0.145800
  -0.520 -0.48443188E+00  0.23467425E+00  0.12239782E+00    0.135200
  -0.500 -0.47838257E+00  0.22884988E+00  0.12221273E+00    0.125000
  -0.480 -0.47104193E+00  0.22188050E+00  0.12203568E+00    0.115200
  -0.460 -0.46242610E+00  0.21383790E+00  0.12186658E+00    0.105800
  -0.440 -0.45255492E+00  0.20480596E+00  0.12170533E+00    0.096800
  -0.420 -0.44145194E+00  0.19487981E+00  0.12155184E+00    0.088200
  -0.400 -0.42914434E+00  0.18416486E+00  0.12140603E+00    0.080000
  -0.380 -0.41566289E+00  0.17277564E+00  0.12126782E+00    0.072200
  -0.360 -0.40104188E+00  0.16083459E+00  0.12113714E+00    0.064800
  -0.340 -0.38531902E+00  0.14847075E+00  0.12101390E+00    0.057800
  -0.320 -0.36853536E+00  0.13581831E+00  0.12089806E+00    0.051200
  -0.300 -0.35073515E+00  0.12301514E+00  0.12078953E+00    0.045000
  -0.280 -0.33196575E+00  0.11020126E+00  0.12068827E+00    0.039200
  -0.260 -0.31227749E+00  0.97517232E-01  0.12059423E+00    0.033800
  -0.240 -0.29172352E+00  0.85102615E-01  0.12050734E+00    0.028800
  -0.220 -0.27035966E+00  0.73094346E-01  0.12042757E+00    0.024200
  -0.200 -0.24824422E+00  0.61625192E-01  0.12035488E+00    0.020000
  -0.180 -0.22543784E+00  0.50822221E-01  0.12028922E+00    0.016200
  -0.160 -0.20200333E+00  0.40805343E-01  0.12023057E+00    0.012800
  -0.140 -0.17800541E+00  0.31685927E-01  0.12017888E+00    0.009800
  -0.120 -0.15351061E+00  0.23565508E-01  0.12013415E+00    0.007200
  -0.100 -0.12858698E+00  0.16534610E-01  0.12009633E+00    0.005000
  -0.080 -0.10330390E+00  0.10671697E-01  0.12006542E+00    0.003200
  -0.060 -0.77731922E-01  0.60422517E-02  0.12004139E+00    0.001800
  -0.040 -0.51942459E-01  0.26980191E-02  0.12002423E+00    0.000800
  -0.020 -0.26007629E-01  0.67639675E-03  0.12001395E+00    0.000200
   0.000  0.00000000E+00  0.00000000E+00  0.12001052E+00    0.000000
   0.020  0.26007629E-01  0.67639675E-03  0.12001395E+00    0.000200
   0.040  0.51942459E-01  0.26980191E-02  0.12002423E+00    0.000800
   0.060  0.77731922E-01  0.60422517E-02  0.12004139E+00    0.001800
   0.080  0.10330390E+00  0.10671697E-01  0.12006542E+00    0.003200
   0.100  0.12858698E+00  0.16534610E-01  0.12009633E+00    0.005000
   0.120  0.15351061E+00  0.23565508E-01  0.12013415E+00    0.007200
   0.140  0.17800541E+00  0.31685927E-01  0.12017888E+00    0.009800
   0.160  0.20200333E+00  0.40805343E-01  0.12023057E+00    0.012800
   0.180  0.22543784E+00  0.50822221E-01  0.12028922E+00    0.016200
   0.200  0.24824422E+00  0.61625192E-01  0.12035488E+00    0.020000
   0.220  0.27035966E+00  0.73094346E-01  0.12042757E+00    0.024200
   0.240  0.29172352E+00  0.85102615E-01  0.12050734E+00    0.028800
   0.260  0.31227749E+00  0.97517232E-01  0.12059423E+00    0.033800
   0.280  0.33196575E+00  0.11020126E+00  0.12068827E+00    0.039200
   0.300  0.35073515E+00  0.12301514E+00  0.12078953E+00    0.045000
   0.320  0.36853536E+00  0.13581831E+00  0.12089806E+00    0.051200
   0.340  0.38531902E+00  0.14847075E+00  0.12101390E+00    0.057800
   0.360  0.40104188E+00  0.16083459E+00  0.12113714E+00    0.064800
   0.380  0.41566289E+00  0.17277564E+00  0.12126782E+00    0.072200
   0.400  0.42914434E+00  0.18416486E+00  0.12140603E+00    0.080000
   0.420  0.44145194E+00  0.19487981E+00  0.12155184E+00    0.088200
   0.440  0.45255492E+00  0.20480596E+00  0.12170533E+00    0.096800
   0.460  0.46242610E+00  0.21383790E+00  0.12186658E+00    0.105800
   0.480  0.47104193E+00  0.22188050E+00  0.12203568E+00    0.115200
   0.500  0.47838257E+00  0.22884988E+00  0.12221273E+00    0.125000
   0.520  0.48443188E+00  0.23467425E+00  0.12239782E+00    0.135200
   0.540  0.48917749E+00  0.23929462E+00  0.12259107E+00    0.145800
   0.560  0.49261078E+00  0.24266538E+00  0.12279259E+00    0.156800
   0.580  0.49472686E+00  0.24475466E+00  0.12300248E+00    0.168200
   0.600  0.49552458E+00  0.24554461E+00  0.12322087E+00    0.180000
   0.620  0.49500649E+00  0.24503143E+00  0.12344790E+00    0.192200
   0.640  0.49317880E+00  0.24322533E+00  0.12368369E+00    0.204800
   0.660  0.49005131E+00  0.24015028E+00  0.12392839E+00    0.217800
   0.680  0.48563734E+00  0.23584362E+00  0.12418214E+00    0.231200
   0.700  0.47995369E+00  0.23035555E+00  0.12444511E+00    0.245000
   0.720  0.47302052E+00  0.22374841E+00  0.12471745E+00    0.259200
   0.740  0.46486123E+00  0.21609596E+00  0.12499933E+00    0.273800
   0.760  0.45550241E+00  0.20748245E+00  0.12529093E+00    0.288800
   0.780  0.44497366E+00  0.19800156E+00  0.12559245E+00    0.304200
   0.800  0.43330751E+00  0.18775540E+00  0.12590407E+00    0.320000
   0.820  0.42053924E+00  0.17685326E+00  0.12622600E+00    0.336200
   0.840  0.40670678E+00  0.16541041E+00  0.12655845E+00    0.352800
   0.860  0.39185052E+00  0.15354683E+00  0.12690165E+00    0.369800
   0.880  0.37601318E+00  0.14138591E+00  0.12725584E+00    0.387200
   0.900  0.35923965E+00  0.12905313E+00  0.12762125E+00    0.405000
   0.920  0.34157679E+00  0.11667470E+00  0.12799815E+00    0.423200
   0.940  0.32307329E+00  0.10437635E+00  0.12838680E+00    0.441800
   0.960  0.30377950E+00  0.92281987E-01  0.12878749E+00    0.460800
   0.980  0.28374722E+00  0.80512487E-01  0.12920051E+00    0.480200
   1.000  0.26302955E+00  0.69184542E-01  0.12962617E+00    0.500000
   1.020  0.24168068E+00  0.58409549E-01  0.13006479E+00    0.520200
   1.040  0.21975574E+00  0.48292585E-01  0.13051672E+00    0.540800
   1.060  0.19731061E+00  0.38931476E-01  0.13098231E+00    0.561800
   1.080  0.17440172E+00  0.30415959E-01  0.13146193E+00    0.583200
   1.100  0.15108589E+00  0.22826946E-01  0.13195597E+00    0.605000
   1.120  0.12742015E+00  0.16235894E-01  0.13246484E+00    0.627200
   1.140  0.10346155E+00  0.10704293E-01  0.13298898E+00    0.649800
   1.160  0.79267025E-01  0.62832613E-02  0.13352883E+00    0.672800
   1.180  0.54893174E-01  0.30132605E-02  0.13408488E+00    0.696200
   1.200  0.30396142E-01  0.92392547E-03  0.13465761E+00    0.720000
   1.220  0.58314445E-02  0.34005745E-04  0.13524757E+00    0.744200
   1.240 -0.18746187E-01  0.35141952E-03  0.13585529E+00    0.768800
   1.260 -0.43282948E-01  0.18734136E-02  0.13648137E+00    0.793800
   1.280 -0.67726103E-01  0.45868250E-02  0.13712641E+00    0.819200
   1.300 -0.92024121E-01  0.84684389E-02  0.13779106E+00    0.845000
   1.320 -0.11612680E+00  0.13485434E-01  0.13847601E+00    0.871200
   1.340 -0.13998539E+00  0.19595910E-01  0.13918197E+00    0.897800
   1.360 -0.16355270E+00  0.26749487E-01  0.13990970E+00    0.924800
   1.380 -0.18678322E+00  0.34887971E-01  0.14066001E+00    0.952200
   1.400 -0.20963318E+00  0.43946071E-01  0.14143374E+00    0.980000
   1.420 -0.23206068E+00  0.53852160E-01  0.14223180E+00    1.008200
   1.440 -0.25402575E+00  0.64529082E-01  0.14305514E+00    1.036800
   1.460 -0.27549042E+00  0.75894971E-01  0.14390476E+00    1.065800
   1.480 -0.29641879E+00  0.87864096E-01  0.14478175E+00    1.095200
   1.500 -0.31677707E+00  0.10034771E+00  0.14568723E+00    1.125000
   1.520 -0.33653366E+00  0.11325490E+00  0.14662242E+00    1.155200
   1.540 -0.35565915E+00  0.12649343E+00  0.14758861E+00    1.185800
   1.560 -0.37412638E+00  0.13997055E+00  0.14858717E+00    1.216800
   1.580 -0.39191044E+00  0.15359379E+00  0.14961956E+00    1.248200
   1.600 -0.40898868E+00  0.16727174E+00  0.15068735E+00    1.280000
   1.620 -0.42534074E+00  0.18091475E+00  0.15179221E+00    1.312200
   1.640 -0.44094855E+00  0.19443562E+00  0.15293592E+00    1.344800
   1.660 -0.45579627E+00  0.20775024E+00  0.15412040E+00    1.377800
   1.680 -0.46987035E+00  0.22077815E+00  0.15534771E+00    1.411200
   1.700 -0.48315944E+00  0.23344305E+00  0.15662005E+00    1.445000
   1.720 -0.49565440E+00  0.24567328E+00  0.15793981E+00    1.479200
   1.740 -0.50734824E+00  0.25740223E+00  0.15930954E+00    1.513800
   1.760 -0.51823609E+00  0.26856864E+00  0.16073201E+00    1.548800
   1.780 -0.52831516E+00  0.27911691E+00  0.16221021E+00    1.584200
   1.800 -0.53758468E+00  0.28899729E+00  0.16374737E+00    1.620000
   1.820 -0.54604584E+00  0.29816606E+00  0.16534702E+00    1.656200
   1.840 -0.55370170E+00  0.30658557E+00  0.16701295E+00    1.692800
   1.860 -0.56055719E+00  0.31422436E+00  0.16874934E+00    1.729800
   1.880 -0.56661898E+00  0.32105707E+00  0.17056073E+00    1.767200
   1.900 -0.57189544E+00  0.32706439E+00  0.17245207E+00    1.805000
   1.920 -0.57639653E+00  0.33223296E+00  0.17442881E+00    1.843200
   1.940 -0.58013377E+00  0.33655519E+00  0.17649693E+00    1.881800
   1.960 -0.58312010E+00  0.34002905E+00  0.17866302E+00    1.920800
   1.980 -0.58536984E+00  0.34265785E+00  0.18093437E+00    1.960200
   2.000 -0.58689860E+00  0.34444997E+00  0.18331905E+00    2.000000
   2.020 -0.58772318E+00  0.34541853E+00  0.18582603E+00    2.040200
   2.040 -0.58786147E+00  0.34558111E+00  0.18846531E+00    2.080800
   2.060 -0.58733241E+00  0.34495936E+00  0.19124809E+00    2.121800
   2.080 -0.58615585E+00  0.34357868E+00  0.19418693E+00    2.163200
   2.100 -0.58435249E+00  0.34146783E+00  0.19729602E+00    2.205000
   2.120 -0.58194379E+00  0.33865858E+00  0.20059141E+00    2.247200
   2.140 -0.57895190E+00  0.33518531E+00  0.20409136E+00    2.289800
   2.160 -0.57539954E+00  0.33108463E+00  0.20781675E+00    2.332800
   2.180 -0.57130992E+00  0.32639502E+00  0.21179157E+00    2.376200
   2.200 -0.56670670E+00  0.32115648E+00  0.21604355E+00    2.420000
   2.220 -0.56161386E+00  0.31541013E+00  0.22060493E+00    2.464200
   2.240 -0.55605567E+00  0.30919791E+00  0.22551348E+00    2.508800
   2.260 -0.55005655E+00  0.30256221E+00  0.23081375E+00    2.553800
   2.280 -0.54364107E+00  0.29554561E+00  0.23655871E+00    2.599200
   2.300 -0.53683381E+00  0.28819054E+00  0.24281195E+00    2.645000
   2.320 -0.52965936E+00  0.28053903E+00  0.24965055E+00    2.691200
   2.340 -0.52214217E+00  0.27263245E+00  0.25716900E+00    2.737800
   2.360 -0.51430659E+00  0.26451127E+00  0.26548459E+00    2.784800
   2.380 -0.50617672E+00  0.25621488E+00  0.27474502E+00    2.832200
   2.400 -0.49777641E+00  0.24778135E+00  0.28513936E+00    2.880000
   2.420 -0.48912916E+00  0.23924733E+00  0.29691416E+00    2.928200
   2.440 -0.48025813E+00  0.23064787E+00  0.31039811E+00    2.976800
   2.460 -0.47118605E+00  0.22201629E+00  0.32604093E+00    3.025800
   2.480 -0.46193517E+00  0.21338410E+00  0.34447728E+00    3.075200
   2.500 -0.45252727E+00  0.20478093E+00  0.36663771E+00    3.125000
   2.520 -0.44298355E+00  0.19623443E+00  0.39395322E+00    3.175200
   2.540 -0.43332469E+00  0.18777028E+00  0.42876448E+00    3.225800
   2.560 -0.42357071E+00  0.17941215E+00  0.47523152E+00    3.276800
   2.580 -0.41374105E+00  0.17118166E+00  0.54167705E+00    3.328200
   2.600 -0.40385447E+00  0.16309843E+00  0.64812801E+00    3.380000
   2.620 -0.39392906E+00  0.15518010E+00  0.86225366E+00    3.432200
   2.640 -0.38398222E+00  0.14744235E+00  0.18210253E+01    3.484800
   2.660 -0.37403066E+00  0.13989893E+00  0.00000000E+00    3.537800
   2.680 -0.36409040E+00  0.13256182E+00  0.00000000E+00    3.591200
   2.700 -0.35417665E+00  0.12544110E+00  0.00000000E+00    3.645000
   2.720 -0.34430392E+00  0.11854519E+00  0.00000000E+00    3.699200
   2.740 -0.33448599E+00  0.11188088E+00  0.00000000E+00    3.753800
   2.760 -0.32473592E+00  0.10545342E+00  0.00000000E+00    3.808800
   2.780 -0.31506601E+00  0.99266593E-01  0.00000000E+00    3.864200
   2.800 -0.30548784E+00  0.93322820E-01  0.00000000E+00    3.920000
   2.820 -0.29601225E+00  0.87623252E-01  0.00000000E+00    3.976200
   2.840 -0.28664937E+00  0.82167861E-01  0.00000000E+00    4.032800
   2.860 -0.27740861E+00  0.76955538E-01  0.00000000E+00    4.089800
   2.880 -0.26829869E+00  0.71984186E-01  0.00000000E+00    4.147200
   2.900 -0.25932762E+00  0.67250816E-01  0.00000000E+00    4.205000
   2.920 -0.25050276E+00  0.62751635E-01  0.00000000E+00    4.263200
   2.940 -0.24183080E+00  0.58482134E-01  0.00000000E+00    4.321800
   2.960 -0.23331777E+00  0.54437181E-01  0.00000000E+00    4.380800
   2.980 -0.22496909E+00  0.50611092E-01  0.00000000E+00    4.440200
   3.000 -0.21678958E+00  0.46997722E-01  0.00000000E+00    4.500000
   3.020 -0.20878345E+00  0.43590530E-01  0.00000000E+00    4.560200
   3.040 -0.20095436E+00  0.40382655E-01  0.00000000E+00    4.620800
   3.060 -0.19330541E+00  0.37366980E-01  0.00000000E+00    4.681800
   3.080 -0.18583917E+00  0.34536197E-01  0.00000000E+00    4.743200
   3.100 -0.17855772E+00  0.31882860E-01  0.00000000E+00    4.805000
   3.120 -0.17146265E+00  0.29399440E-01  0.00000000E+00    4.867200
   3.140 -0.16455508E+00  0.27078374E-01  0.00000000E+00    4.929800
   3.160 -0.15783570E+00  0.24912108E-01  0.00000000E+00    4.992800
   3.180 -0.15130478E+00  0.22893136E-01  0.00000000E+00    5.056200
   3.200 -0.14496220E+00  0.21014038E-01  0.00000000E+00    5.120000
   3.220 -0.13880746E+00  0.19267510E-01  0.00000000E+00    5.184200
   3.240 -0.13283971E+00  0.17646389E-01  0.00000000E+00    5.248800
   3.260 -0.12705779E+00  0.16143681E-01  0.00000000E+00    5.313800
   3.280 -0.12146021E+00  0.14752582E-01  0.00000000E+00    5.379200
   3.300 -0.11604520E+00  0.13466489E-01  0.00000000E+00    5.445000
   3.320 -0.11081075E+00  0.12279021E-01  0.00000000E+00    5.511200
   3.340 -0.10575456E+00  0.11184027E-01  0.00000000E+00    5.577800
   3.360 -0.10087414E+00  0.10175593E-01  0.00000000E+00    5.644800
   3.380 -0.96166797E-01  0.92480529E-02  0.00000000E+00    5.712200
   3.400 -0.91629629E-01  0.83959889E-02  0.00000000E+00    5.780000
   3.420 -0.87259580E-01  0.76142344E-02  0.00000000E+00    5.848200
   3.440 -0.83053443E-01  0.68978744E-02  0.00000000E+00    5.916800
   3.460 -0.79007875E-01  0.62422443E-02  0.00000000E+00    5.985800
   3.480 -0.75119416E-01  0.56429267E-02  0.00000000E+00    6.055200
   3.500 -0.71384506E-01  0.50957478E-02  0.00000000E+00    6.125000
   3.520 -0.67799498E-01  0.45967719E-02  0.00000000E+00    6.195200
   3.540 -0.64360671E-01  0.41422960E-02  0.00000000E+00    6.265800
   3.560 -0.61064248E-01  0.37288423E-02  0.00000000E+00    6.336800
   3.580 -0.57906403E-01  0.33531515E-02  0.00000000E+00    6.408200
   3.600 -0.54883279E-01  0.30121743E-02  0.00000000E+00    6.480000
   3.620 -0.51990995E-01  0.27030636E-02  0.00000000E+00    6.552200
   3.640 -0.49225661E-01  0.24231657E-02  0.00000000E+00    6.624800
   3.660 -0.46583384E-01  0.21700117E-02  0.00000000E+00    6.697800
   3.680 -0.44060280E-01  0.19413083E-02  0.00000000E+00    6.771200
   3.700 -0.41652482E-01  0.17349293E-02  0.00000000E+00    6.845000
   3.720 -0.39356149E-01  0.15489065E-02  0.00000000E+00    6.919200
   3.740 -0.37167473E-01  0.13814210E-02  0.00000000E+00    6.993800
   3.760 -0.35082684E-01  0.12307947E-02  0.00000000E+00    7.068800
   3.780 -0.33098063E-01  0.10954818E-02  0.00000000E+00    7.144200
   3.800 -0.31209939E-01  0.97406029E-03  0.00000000E+00    7.220000
   3.820 -0.29414701E-01  0.86522463E-03  0.00000000E+00    7.296200
   3.840 -0.27708800E-01  0.76777759E-03  0.00000000E+00    7.372800
   3.860 -0.26088753E-01  0.68062304E-03  0.00000000E+00    7.449800
   3.880 -0.24551149E-01  0.60275890E-03  0.00000000E+00    7.527200
   3.900 -0.23092649E-01  0.53327042E-03  0.00000000E+00    7.605000
   3.920 -0.21709991E-01  0.47132373E-03  0.00000000E+00    7.683200
   3.940 -0.20399995E-01  0.41615979E-03  0.00000000E+00    7.761800
   3.960 -0.19159557E-01  0.36708864E-03  0.00000000E+00    7.840800
   3.980 -0.17985662E-01  0.32348402E-03  0.00000000E+00    7.920200
   4.000 -0.16875373E-01  0.28477821E-03  0.00000000E+00    8.000000
   4.020 -0.15825843E-01  0.25045729E-03  0.00000000E+00    8.080200
   4.040 -0.14834308E-01  0.22005669E-03  0.00000000E+00    8.160800
   4.060 -0.13898092E-01  0.19315697E-03  0.00000000E+00    8.241800
   4.080 -0.13014605E-01  0.16937995E-03  0.00000000E+00    8.323200
   4.100 -0.12181343E-01  0.14838512E-03  0.00000000E+00    8.405000
   4.120 -0.11395888E-01  0.12986626E-03  0.00000000E+00    8.487200
   4.140 -0.10655906E-01  0.11354834E-03  0.00000000E+00    8.569800
   4.160 -0.99591502E-02  0.99184674E-04  0.00000000E+00    8.652800
   4.180 -0.93034552E-02  0.86554278E-04  0.00000000E+00    8.736200
   4.200 -0.86867387E-02  0.75459428E-04  0.00000000E+00    8.820000
   4.220 -0.81069995E-02  0.65723441E-04  0.00000000E+00    8.904200
   4.240 -0.75623164E-02  0.57188629E-04  0.00000000E+00    8.988800
   4.260 -0.70508461E-02  0.49714431E-04  0.00000000E+00    9.073800
   4.280 -0.65708220E-02  0.43175702E-04  0.00000000E+00    9.159200
   4.300 -0.61205525E-02  0.37461163E-04  0.00000000E+00    9.245000
   4.320 -0.56984190E-02  0.32471979E-04  0.00000000E+00    9.331200
   4.340 -0.53028741E-02  0.28120474E-04  0.00000000E+00    9.417800
   4.360 -0.49324400E-02  0.24328964E-04  0.00000000E+00    9.504800
   4.380 -0.45857059E-02  0.21028699E-04  0.00000000E+00    9.592200
   4.400 -0.42613268E-02  0.18158906E-04  0.00000000E+00    9.680000
   4.420 -0.39580207E-02  0.15665928E-04  0.00000000E+00    9.768200
   4.440 -0.36745673E-02  0.13502445E-04  0.00000000E+00    9.856800
   4.460 -0.34098055E-02  0.11626774E-04  0.00000000E+00    9.945800
   4.480 -0.31626315E-02  0.10002238E-04  0.00000000E+00   10.035200
   4.500 -0.29319966E-02  0.85966039E-05  0.00000000E+00   10.125000
   4.520 -0.27169055E-02  0.73815757E-05  0.00000000E+00   10.215200
   4.540 -0.25164142E-02  0.63323406E-05  0.00000000E+00   10.305800
   4.560 -0.23296279E-02  0.54271660E-05  0.00000000E+00   10.396800
   4.580 -0.21556988E-02  0.46470375E-05  0.00000000E+00   10.488200
   4.600 -0.19938250E-02  0.39753381E-05  0.00000000E+00   10.580000
   4.620 -0.18432477E-02  0.33975619E-05  0.00000000E+00   10.672200
   4.640 -0.17032497E-02  0.29010597E-05  0.00000000E+00   10.764800
   4.660 -0.15731540E-02  0.24748136E-05  0.00000000E+00   10.857800
   4.680 -0.14523213E-02  0.21092371E-05  0.00000000E+00   10.951200
   4.700 -0.13401486E-02  0.17959984E-05  0.00000000E+00   11.045000
   4.720 -0.12360679E-02  0.15278639E-05  0.00000000E+00   11.139200
   4.740 -0.11395438E-02  0.12985602E-05  0.00000000E+00   11.233800
   4.760 -0.10500727E-02  0.11026526E-05  0.00000000E+00   11.328800
   4.780 -0.96718050E-03  0.93543813E-06  0.00000000E+00   11.424200
   4.800 -0.89042190E-03  0.79285116E-06  0.00000000E+00   11.520000
   4.820 -0.81937837E-03  0.67138092E-06  0.00000000E+00   11.616200
   4.840 -0.75365706E-03  0.56799896E-06  0.00000000E+00   11.712800
   4.860 -0.69288937E-03  0.48009567E-06  0.00000000E+00   11.809800
   4.880 -0.63672971E-03  0.40542472E-06  0.00000000E+00   11.907200
   4.900 -0.58485425E-03  0.34205450E-06  0.00000000E+00   12.005000
   4.920 -0.53695977E-03  0.28832579E-06  0.00000000E+00   12.103200
   4.940 -0.49276247E-03  0.24281485E-06  0.00000000E+00   12.201800
   4.960 -0.45199695E-03  0.20430125E-06  0.00000000E+00   12.300800
   4.980 -0.41441515E-03  0.17173991E-06  0.00000000E+00   12.400200
   5.000 -0.37978532E-03  0.14423689E-06  0.00000000E+00   12.500000
   5.020 -0.34789116E-03  0.12102826E-06  0.00000000E+00   12.600200
   5.040 -0.31853084E-03  0.10146190E-06  0.00000000E+00   12.700800
   5.060 -0.29151618E-03  0.84981684E-07  0.00000000E+00   12.801800
   5.080 -0.26667182E-03  0.71113862E-07  0.00000000E+00   12.903200
   5.100 -0.24383446E-03  0.59455245E-07  0.00000000E+00   13.005000
   5.120 -0.22285210E-03  0.49663060E-07  0.00000000E+00   13.107200
   5.140 -0.20358336E-03  0.41446184E-07  0.00000000E+00   13.209800
   5.160 -0.18589679E-03  0.34557618E-07  0.00000000E+00   13.312800
   5.180 -0.16967029E-03  0.28788008E-07  0.00000000E+00   13.416200
   5.200 -0.15479046E-03  0.23960085E-07  0.00000000E+00   13.520000
   5.220 -0.14115206E-03  0.19923903E-07  0.00000000E+00   13.624200
   5.240 -0.12865749E-03  0.16552750E-07  0.00000000E+00   13.728800
   5.260 -0.11721629E-03  0.13739658E-07  0.00000000E+00   13.833800
   5.280 -0.10674464E-03  0.11394418E-07  0.00000000E+00   13.939200
   5.300 -0.97164930E-04  0.94410236E-08  0.00000000E+00   14.045000
   5.320 -0.88405356E-04  0.78155070E-08  0.00000000E+00   14.151200
   5.340 -0.80399499E-04  0.64640794E-08  0.00000000E+00   14.257800
   5.360 -0.73085969E-04  0.53415588E-08  0.00000000E+00   14.364800
   5.380 -0.66408053E-04  0.44100294E-08  0.00000000E+00   14.472200
   5.400 -0.60313387E-04  0.36377046E-08  0.00000000E+00   14.580000
   5.420 -0.54753652E-04  0.29979624E-08  0.00000000E+00   14.688200
   5.440 -0.49684283E-04  0.24685280E-08  0.00000000E+00   14.796800
   5.460 -0.45064203E-04  0.20307824E-08  0.00000000E+00   14.905800
   5.480 -0.40855566E-04  0.16691773E-08  0.00000000E+00   15.015200
   5.500 -0.37023530E-04  0.13707417E-08  0.00000000E+00   15.125000
   5.520 -0.33536026E-04  0.11246650E-08  0.00000000E+00   15.235200
   5.540 -0.30363562E-04  0.92194590E-09  0.00000000E+00   15.345800
   5.560 -0.27479026E-04  0.75509688E-09  0.00000000E+00   15.456800
   5.580 -0.24857509E-04  0.61789575E-09  0.00000000E+00   15.568200
   5.600 -0.22476136E-04  0.50517671E-09  0.00000000E+00   15.680000
   5.620 -0.20313916E-04  0.41265519E-09  0.00000000E+00   15.792200
   5.640 -0.18351591E-04  0.33678091E-09  0.00000000E+00   15.904800
   5.660 -0.16571508E-04  0.27461488E-09  0.00000000E+00   16.017800
   5.680 -0.14957489E-04  0.22372648E-09  0.00000000E+00   16.131200
   5.700 -0.13494720E-04  0.18210746E-09  0.00000000E+00   16.245000
   5.720 -0.12169638E-04  0.14810009E-09  0.00000000E+00   16.359200
   5.740 -0.10969839E-04  0.12033736E-09  0.00000000E+00   16.473800
   5.760 -0.98839771E-05  0.97693003E-10  0.00000000E+00   16.588800
   5.780 -0.89016857E-05  0.79240008E-10  0.00000000E+00   16.704200
   5.800 -0.80134946E-05  0.64216096E-10  0.00000000E+00   16.820000
   5.820 -0.72107584E-05  0.51995036E-10  0.00000000E+00   16.936200
   5.840 -0.64855881E-05  0.42062853E-10  0.00000000E+00   17.052800
   5.860 -0.58307891E-05  0.33998102E-10  0.00000000E+00   17.169800
   5.880 -0.52398033E-05  0.27455538E-10  0.00000000E+00   17.287200
   5.900 -0.47066557E-05  0.22152608E-10  0.00000000E+00   17.405000
   5.920 -0.42259057E-05  0.17858279E-10  0.00000000E+00   17.523200
   5.940 -0.37926015E-05  0.14383826E-10  0.00000000E+00   17.641800
   5.960 -0.34022387E-05  0.11575228E-10  0.00000000E+00   17.760800
   5.980 -0.30507220E-05  0.93069049E-11  0.00000000E+00   17.880200
   6.000 -0.27343297E-05  0.74765591E-11  0.00000000E+00   18.000000
   6.020 -0.24496816E-05  0.60009400E-11  0.00000000E+00   18.120200
   6.040 -0.21937090E-05  0.48123593E-11  0.00000000E+00   18.240800
   6.060 -0.19636277E-05  0.38558335E-11  0.00000000E+00   18.361800
   6.080 -0.17569124E-05  0.30867411E-11  0.00000000E+00   18.483200
   6.100 -0.15712744E-05  0.24689031E-11  0.00000000E+00   18.605000
   6.120 -0.14046399E-05  0.19730134E-11  0.00000000E+00   18.727200
   6.140 -0.12551314E-05  0.15753547E-11  0.00000000E+00   18.849800
   6.160 -0.11210491E-05  0.12567510E-11  0.00000000E+00   18.972800
   6.180 -0.10008557E-05  0.10017121E-11  0.00000000E+00   19.096200
   6.200 -0.89316105E-06  0.79773665E-12  0.00000000E+00   19.220000
   6.220 -0.79670893E-06  0.63474513E-12  0.00000000E+00   19.344200
   6.240 -0.71036458E-06  0.50461783E-12  0.00000000E+00   19.468800
   6.260 -0.63310348E-06  0.40082002E-12  0.00000000E+00   19.593800
   6.280 -0.56400117E-06  0.31809732E-12  0.00000000E+00   19.719200
   6.300 -0.50222381E-06  0.25222876E-12  0.00000000E+00   19.845000
   6.320 -0.44701973E-06  0.19982664E-12  0.00000000E+00   19.971200
   6.340 -0.39771161E-06  0.15817453E-12  0.00000000E+00   20.097800
   6.360 -0.35368947E-06  0.12509624E-12  0.00000000E+00   20.224800
   6.380 -0.31440423E-06  0.98850019E-13  0.00000000E+00   20.352200
   6.400 -0.27936185E-06  0.78043043E-13  0.00000000E+00   20.480000
   6.420 -0.24811806E-06  0.61562573E-13  0.00000000E+00   20.608200
   6.440 -0.22027354E-06  0.48520431E-13  0.00000000E+00   20.736800
   6.460 -0.19546951E-06  0.38208328E-13  0.00000000E+00   20.865800
   6.480 -0.17338381E-06  0.30061946E-13  0.00000000E+00   20.995200
   6.500 -0.15372730E-06  0.23632084E-13  0.00000000E+00   21.125000
   6.520 -0.13624058E-06  0.18561496E-13  0.00000000E+00   21.255200
   6.540 -0.12069105E-06  0.14566329E-13  0.00000000E+00   21.385800
   6.560 -0.10687025E-06  0.11421251E-13  0.00000000E+00   21.516800
   6.580 -0.94591449E-07  0.89475422E-14  0.00000000E+00   21.648200
   6.600 -0.83687440E-07  0.70035877E-14  0.00000000E+00   21.780000
   6.620 -0.74008591E-07  0.54772715E-14  0.00000000E+00   21.912200
   6.640 -0.65421050E-07  0.42799138E-14  0.00000000E+00   22.044800
   6.660 -0.57805145E-07  0.33414348E-14  0.00000000E+00   22.177800
   6.680 -0.51053930E-07  0.26065037E-14  0.00000000E+00   22.311200
   6.700 -0.45071875E-07  0.20314739E-14  0.00000000E+00   22.445000
   6.720 -0.39773693E-07  0.15819467E-14  0.00000000E+00   22.579200
   6.740 -0.35083277E-07  0.12308363E-14  0.00000000E+00   22.713800
   6.760 -0.30932740E-07  0.95683439E-15  0.00000000E+00   22.848800
   6.780 -0.27261560E-07  0.74319268E-15  0.00000000E+00   22.984200
   6.800 -0.24015808E-07  0.57675902E-15  0.00000000E+00   23.120000
   6.820 -0.21147446E-07  0.44721447E-15  0.00000000E+00   23.256200
   6.840 -0.18613711E-07  0.34647023E-15  0.00000000E+00   23.392800
   6.860 -0.16376549E-07  0.26819135E-15  0.00000000E+00   23.529800
   6.880 -0.14402115E-07  0.20742092E-15  0.00000000E+00   23.667200
   6.900 -0.12660320E-07  0.16028371E-15  0.00000000E+00   23.805000
   6.920 -0.11124429E-07  0.12375292E-15  0.00000000E+00   23.943200
   6.940 -0.97706946E-08  0.95466473E-16  0.00000000E+00   24.081800
   6.960 -0.85780367E-08  0.73582714E-16  0.00000000E+00   24.220800
   6.980 -0.75277499E-08  0.56667019E-16  0.00000000E+00   24.360200
   7.000 -0.66032442E-08  0.43602834E-16  0.00000000E+00   24.500000
   7.020 -0.57898124E-08  0.33521928E-16  0.00000000E+00   24.640200
   7.040 -0.50744228E-08  0.25749767E-16  0.00000000E+00   24.780800
   7.060 -0.44455338E-08  0.19762770E-16  0.00000000E+00   24.921800
   7.080 -0.38929277E-08  0.15154886E-16  0.00000000E+00   25.063200
   7.100 -0.34075637E-08  0.11611491E-16  0.00000000E+00   25.205000
   7.120 -0.29814459E-08  0.88890197E-17  0.00000000E+00   25.347200
   7.140 -0.26075056E-08  0.67990853E-17  0.00000000E+00   25.489800
   7.160 -0.22794968E-08  0.51961056E-17  0.00000000E+00   25.632800
   7.180 -0.19919031E-08  0.39676780E-17  0.00000000E+00   25.776200
   7.200 -0.17398547E-08  0.30270945E-17  0.00000000E+00   25.920000
   7.220 -0.15190546E-08  0.23075270E-17  0.00000000E+00   26.064200
   7.240 -0.13257129E-08  0.17575146E-17  0.00000000E+00   26.208800
   7.260 -0.11564884E-08  0.13374655E-17  0.00000000E+00   26.353800
   7.280 -0.10084373E-08  0.10169459E-17  0.00000000E+00   26.499200
   7.300 -0.87896667E-09  0.77258241E-18  0.00000000E+00   26.645000
   7.320 -0.76579375E-09  0.58644008E-18  0.00000000E+00   26.791200
   7.340 -0.66690998E-09  0.44476893E-18  0.00000000E+00   26.937800
   7.360 -0.58054870E-09  0.33703680E-18  0.00000000E+00   27.084800
   7.380 -0.50515680E-09  0.25518339E-18  0.00000000E+00   27.232200
   7.400 -0.43936950E-09  0.19304556E-18  0.00000000E+00   27.380000
   7.420 -0.38198810E-09  0.14591491E-18  0.00000000E+00   27.528200
   7.440 -0.33196021E-09  0.11019758E-18  0.00000000E+00   27.676800
   7.460 -0.28836235E-09  0.83152847E-19  0.00000000E+00   27.825800
   7.480 -0.25038452E-09  0.62692410E-19  0.00000000E+00   27.975200
   7.500 -0.21731657E-09  0.47226492E-19  0.00000000E+00   28.125000
   7.520 -0.18853618E-09  0.35545892E-19  0.00000000E+00   28.275200
   7.540 -0.16349826E-09  0.26731680E-19  0.00000000E+00   28.425800
   7.560 -0.14172555E-09  0.20086132E-19  0.00000000E+00   28.576800
   7.580 -0.12280042E-09  0.15079943E-19  0.00000000E+00   28.728200
   7.600 -0.10635753E-09  0.11311924E-19  0.00000000E+00   28.880000
   7.620 -0.92077480E-10  0.84782623E-20  0.00000000E+00   29.032200
   7.640 -0.79681118E-10  0.63490806E-20  0.00000000E+00   29.184800
   7.660 -0.68924605E-10  0.47506012E-20  0.00000000E+00   29.337800
   7.680 -0.59595036E-10  0.35515683E-20  0.00000000E+00   29.491200
   7.700 -0.51506597E-10  0.26529295E-20  0.00000000E+00   29.645000
   7.720 -0.44497197E-10  0.19800005E-20  0.00000000E+00   29.799200
   7.740 -0.38425500E-10  0.14765191E-20  0.00000000E+00   29.953800
   7.760 -0.33168325E-10  0.11001378E-20  0.00000000E+00   30.108800
   7.780 -0.28618358E-10  0.81901043E-21  0.00000000E+00   30.264200
   7.800 -0.24682158E-10  0.60920891E-21  0.00000000E+00   30.420000
   7.820 -0.21278392E-10  0.45276997E-21  0.00000000E+00   30.576200
   7.840 -0.18336305E-10  0.33622006E-21  0.00000000E+00   30.732800
   7.860 -0.15794366E-10  0.24946199E-21  0.00000000E+00   30.889800
   7.880 -0.13599094E-10  0.18493537E-21  0.00000000E+00   31.047200
   7.900 -0.11704025E-10  0.13698421E-21  0.00000000E+00   31.205000
   7.920 -0.10068807E-10  0.10138088E-21  0.00000000E+00   31.363200
   7.940 -0.86584142E-11  0.74968137E-22  0.00000000E+00   31.521800
   7.960 -0.74424564E-11  0.55390157E-22  0.00000000E+00   31.680800
   7.980 -0.63945780E-11  0.40890628E-22  0.00000000E+00   31.840200
   8.000 -0.54919323E-11  0.30161321E-22  0.00000000E+00   32.000000
   8.020 -0.47147233E-11  0.22228615E-22  0.00000000E+00   32.160200
   8.040 -0.40458057E-11  0.16368544E-22  0.00000000E+00   32.320800
   8.060 -0.34703371E-11  0.12043240E-22  0.00000000E+00   32.481800
   8.080 -0.29754741E-11  0.88534464E-23  0.00000000E+00   32.643200
   8.100 -0.25501082E-11  0.65030520E-23  0.00000000E+00   32.805000
   8.120 -0.21846356E-11  0.47726328E-23  0.00000000E+00   32.967200
   8.140 -0.18707571E-11  0.34997322E-23  0.00000000E+00   33.129800
   8.160 -0.16013042E-11  0.25641753E-23  0.00000000E+00   33.292800
   8.180 -0.13700878E-11  0.18771405E-23  0.00000000E+00   33.456200
   8.200 -0.11717664E-11  0.13730366E-23  0.00000000E+00   33.620000
   8.220 -0.10017328E-11  0.10034686E-23  0.00000000E+00   33.784200
   8.240 -0.85601412E-12  0.73276018E-24  0.00000000E+00   33.948800
   8.260 -0.73118661E-12  0.53463386E-24  0.00000000E+00   34.113800
   8.280 -0.62430070E-12  0.38975137E-24  0.00000000E+00   34.279200
   8.300 -0.53281661E-12  0.28389354E-24  0.00000000E+00   34.445000
   8.320 -0.45454832E-12  0.20661418E-24  0.00000000E+00   34.611200
   8.340 -0.38761518E-12  0.15024553E-24  0.00000000E+00   34.777800
   8.360 -0.33039993E-12  0.10916411E-24  0.00000000E+00   34.944800
   8.380 -0.28151245E-12  0.79249260E-25  0.00000000E+00   35.112200
   8.400 -0.23975838E-12  0.57484083E-25  0.00000000E+00   35.280000
   8.420 -0.20411201E-12  0.41661714E-25  0.00000000E+00   35.448200
   8.440 -0.17369285E-12  0.30169206E-25  0.00000000E+00   35.616800
   8.460 -0.14774540E-12  0.21828702E-25  0.00000000E+00   35.785800
   8.480 -0.12562170E-12  0.15780811E-25  0.00000000E+00   35.955200
   8.500 -0.10676627E-12  0.11399037E-25  0.00000000E+00   36.125000
   8.520 -0.90703126E-13  0.82270571E-26  0.00000000E+00   36.295200
   8.540 -0.77024560E-13  0.59327829E-26  0.00000000E+00   36.465800
   8.560 -0.65381523E-13  0.42747435E-26  0.00000000E+00   36.636800
   8.580 -0.55475306E-13  0.30775095E-26  0.00000000E+00   36.808200
   8.600 -0.47050395E-13  0.22137397E-26  0.00000000E+00   36.980000
   8.620 -0.39888324E-13  0.15910784E-26  0.00000000E+00   37.152200
   8.640 -0.33802380E-13  0.11426009E-26  0.00000000E+00   37.324800
   8.660 -0.28633061E-13  0.81985216E-27  0.00000000E+00   37.497800
   8.680 -0.24244170E-13  0.58777976E-27  0.00000000E+00   37.671200
   8.700 -0.20519460E-13  0.42104825E-27  0.00000000E+00   37.845000
   8.720 -0.17359758E-13  0.30136120E-27  0.00000000E+00   38.019200
   8.740 -0.14680490E-13  0.21551678E-27  0.00000000E+00   38.193800
   8.760 -0.12409566E-13  0.15399734E-27  0.00000000E+00   38.368800
   8.780 -0.10485566E-13  0.10994710E-27  0.00000000E+00   38.544200
   8.800 -0.88561795E-14  0.78431916E-28  0.00000000E+00   38.720000
   8.820 -0.74768767E-14  0.55903685E-28  0.00000000E+00   38.896200
   8.840 -0.63097673E-14  0.39813163E-28  0.00000000E+00   39.072800
   8.860 -0.53226243E-14  0.28330329E-28  0.00000000E+00   39.249800
   8.880 -0.44880497E-14  0.20142590E-28  0.00000000E+00   39.427200
   8.900 -0.37827611E-14  0.14309282E-28  0.00000000E+00   39.605000
   8.920 -0.31869821E-14  0.10156855E-28  0.00000000E+00   39.783200
   8.940 -0.26839215E-14  0.72034344E-29  0.00000000E+00   39.961800
   8.960 -0.22593291E-14  0.51045679E-29  0.00000000E+00   40.140800
   8.980 -0.19011164E-14  0.36142437E-29  0.00000000E+00   40.320200
   9.000 -0.15990333E-14  0.25569076E-29  0.00000000E+00   40.500000
   9.020 -0.13443920E-14  0.18073898E-29  0.00000000E+00   40.680200
   9.040 -0.11298322E-14  0.12765207E-29  0.00000000E+00   40.860800
   9.060 -0.94912110E-15  0.90083085E-30  0.00000000E+00   41.041800
   9.080 -0.79698290E-15  0.63518175E-30  0.00000000E+00   41.223200
   9.100 -0.66895377E-15  0.44749915E-30  0.00000000E+00   41.405000
   9.120 -0.56125853E-15  0.31501114E-30  0.00000000E+00   41.587200
   9.140 -0.47070584E-15  0.22156399E-30  0.00000000E+00   41.769800
   9.160 -0.39459903E-15  0.15570840E-30  0.00000000E+00   41.952800
   9.180 -0.33066048E-15  0.10933635E-30  0.00000000E+00   42.136200
   9.200 -0.27696725E-15  0.76710856E-31  0.00000000E+00   42.320000
   9.220 -0.23189662E-15  0.53776044E-31  0.00000000E+00   42.504200
   9.240 -0.19407980E-15  0.37666970E-31  0.00000000E+00   42.688800
   9.260 -0.16236267E-15  0.26361637E-31  0.00000000E+00   42.873800
   9.280 -0.13577255E-15  0.18434185E-31  0.00000000E+00   43.059200
   9.300 -0.11349003E-15  0.12879987E-31  0.00000000E+00   43.245000
   9.320 -0.94825119E-16  0.89918032E-32  0.00000000E+00   43.431200
   9.340 -0.79197054E-16  0.62721733E-32  0.00000000E+00   43.617800
   9.360 -0.66117218E-16  0.43714865E-32  0.00000000E+00   43.804800
   9.380 -0.55174700E-16  0.30442475E-32  0.00000000E+00   43.992200
   9.400 -0.46024086E-16  0.21182165E-32  0.00000000E+00   44.180000
   9.420 -0.38375142E-16  0.14726515E-32  0.00000000E+00   44.368200
   9.440 -0.31984109E-16  0.10229832E-32  0.00000000E+00   44.556800
   9.460 -0.26646344E-16  0.71002764E-33  0.00000000E+00   44.745800
   9.480 -0.22190120E-16  0.49240141E-33  0.00000000E+00   44.935200
   9.500 -0.18471392E-16  0.34119231E-33  0.00000000E+00   45.125000
   9.520 -0.15369387E-16  0.23621805E-33  0.00000000E+00   45.315200
   9.540 -0.12782886E-16  0.16340218E-33  0.00000000E+00   45.505800
   9.560 -0.10627096E-16  0.11293517E-33  0.00000000E+00   45.696800
   9.580 -0.88310110E-17  0.77986756E-34  0.00000000E+00   45.888200
   9.600 -0.73351974E-17  0.53805121E-34  0.00000000E+00   46.080000
   9.620 -0.60899263E-17  0.37087203E-34  0.00000000E+00   46.272200
   9.640 -0.50536055E-17  0.25538929E-34  0.00000000E+00   46.464800
   9.660 -0.41914611E-17  0.17568346E-34  0.00000000E+00   46.657800
   9.680 -0.34744294E-17  0.12071660E-34  0.00000000E+00   46.851200
   9.700 -0.28782265E-17  0.82841880E-35  0.00000000E+00   47.045000
   9.720 -0.23825674E-17  0.56766275E-35  0.00000000E+00   47.239200
   9.740 -0.19705097E-17  0.38829083E-35  0.00000000E+00   47.433800
   9.760 -0.16279031E-17  0.26500686E-35  0.00000000E+00   47.628800
   9.780 -0.13429280E-17  0.18034555E-35  0.00000000E+00   47.824200
   9.800 -0.11057065E-17  0.12225869E-35  0.00000000E+00   48.020000
   9.820 -0.90797745E-18  0.82442305E-36  0.00000000E+00   48.216200
   9.840 -0.74282181E-18  0.55178424E-36  0.00000000E+00   48.412800
   9.860 -0.60443211E-18  0.36533817E-36  0.00000000E+00   48.609800
   9.880 -0.48791751E-18  0.23806350E-36  0.00000000E+00   48.807200
   9.900 -0.38913860E-18  0.15142885E-36  0.00000000E+00   49.005000
   9.920 -0.30456658E-18  0.92760801E-37  0.00000000E+00   49.203200
   9.940 -0.23116224E-18  0.53435980E-37  0.00000000E+00   49.401800
   9.960 -0.16627073E-18  0.27645956E-37  0.00000000E+00   49.600800
   9.980 -0.10752866E-18  0.11562412E-37  0.00000000E+00   49.800200
  10.000 -0.52780281E-19  0.27857580E-38  0.00000000E+00   50.000000


