#   x         y(x)            y(x)^2      classical p(x)    V
 -10.000  0.52784001E-19  0.27861507E-38  0.00000000E+00   50.000000
  -9.980  0.10753624E-18  0.11564044E-37  0.00000000E+00   49.800200
  -9.960  0.16628249E-18  0.27649865E-37  0.00000000E+00   49.600800
  -9.940  0.23117863E-18  0.53443557E-37  0.00000000E+00   49.401800
  -9.920  0.30458824E-18  0.92773997E-37  0.00000000E+00   49.203200
  -9.900  0.38916638E-18  0.15145047E-36  0.00000000E+00   49.005000
  -9.880  0.48795249E-18  0.23809764E-36  0.00000000E+00   48.807200
  -9.860  0.60447565E-18  0.36539081E-36  0.00000000E+00   48.609800
  -9.840  0.74287559E-18  0.55186413E-36  0.00000000E+00   48.412800
  -9.820  0.90804353E-18  0.82454305E-36  0.00000000E+00   48.216200
  -9.800  0.11057874E-17  0.12227658E-35  0.00000000E+00   48.020000
  -9.780  0.13430268E-17  0.18037210E-35  0.00000000E+00   47.824200
  -9.760  0.16280236E-17  0.26504608E-35  0.00000000E+00   47.628800
  -9.740  0.19706563E-17  0.38834863E-35  0.00000000E+00   47.433800
  -9.720  0.23827458E-17  0.56774775E-35  0.00000000E+00   47.239200
  -9.700  0.28784433E-17  0.82854356E-35  0.00000000E+00   47.045000
  -9.680  0.34746925E-17  0.12073488E-34  0.00000000E+00   46.851200
  -9.660  0.41917805E-17  0.17571023E-34  0.00000000E+00   46.657800
  -9.640  0.50539928E-17  0.25542844E-34  0.00000000E+00   46.464800
  -9.620  0.60903958E-17  0.37092921E-34  0.00000000E+00   46.272200
  -9.600  0.73357662E-17  0.53813466E-34  0.00000000E+00   46.080000
  -9.580  0.88316998E-17  0.77998921E-34  0.00000000E+00   45.888200
  -9.560  0.10627930E-16  0.11295289E-33  0.00000000E+00   45.696800
  -9.540  0.12783895E-16  0.16342796E-33  0.00000000E+00   45.505800
  -9.520  0.15370607E-16  0.23625554E-33  0.00000000E+00   45.315200
  -9.500  0.18472866E-16  0.34124679E-33  0.00000000E+00   45.125000
  -9.480  0.22191901E-16  0.49248048E-33  0.00000000E+00   44.935200
  -9.460  0.26648495E-16  0.71014231E-33  0.00000000E+00   44.745800
  -9.440  0.31986706E-16  0.10231494E-32  0.00000000E+00   44.556800
  -9.420  0.38378276E-16  0.14728921E-32  0.00000000E+00   44.368200
  -9.400  0.46027866E-16  0.21185645E-32  0.00000000E+00   44.180000
  -9.380  0.55179258E-16  0.30447505E-32  0.00000000E+00   43.992200
  -9.360  0.66122711E-16  0.43722129E-32  0.00000000E+00   43.804800
  -9.340  0.79203670E-16  0.62732214E-32  0.00000000E+00   43.617800
  -9.320  0.94833085E-16  0.89933141E-32  0.00000000E+00   43.431200
  -9.300  0.11349962E-15  0.12882163E-31  0.00000000E+00   43.245000
  -9.280  0.13578408E-15  0.18437317E-31  0.00000000E+00   43.059200
  -9.260  0.16237654E-15  0.26366141E-31  0.00000000E+00   42.873800
  -9.240  0.19409648E-15  0.37673442E-31  0.00000000E+00   42.688800
  -9.220  0.23191665E-15  0.53785335E-31  0.00000000E+00   42.504200
  -9.200  0.27699130E-15  0.76724182E-31  0.00000000E+00   42.320000
  -9.180  0.33068935E-15  0.10935545E-30  0.00000000E+00   42.136200
  -9.160  0.39463368E-15  0.15573575E-30  0.00000000E+00   41.952800
  -9.140  0.47074740E-15  0.22160311E-30  0.00000000E+00   41.769800
  -9.120  0.56130836E-15  0.31506707E-30  0.00000000E+00   41.587200
  -9.100  0.66901348E-15  0.44757903E-30  0.00000000E+00   41.405000
  -9.080  0.79705442E-15  0.63529575E-30  0.00000000E+00   41.223200
  -9.060  0.94920672E-15  0.90099341E-30  0.00000000E+00   41.041800
  -9.040  0.11299347E-14  0.12767523E-29  0.00000000E+00   40.860800
  -9.020  0.13445146E-14  0.18077194E-29  0.00000000E+00   40.680200
  -9.000  0.15991799E-14  0.25573764E-29  0.00000000E+00   40.500000
  -8.980  0.19012917E-14  0.36149100E-29  0.00000000E+00   40.320200
  -8.960  0.22595384E-14  0.51055139E-29  0.00000000E+00   40.140800
  -8.940  0.26841715E-14  0.72047765E-29  0.00000000E+00   39.961800
  -8.920  0.31872805E-14  0.10158757E-28  0.00000000E+00   39.783200
  -8.900  0.37831172E-14  0.14311976E-28  0.00000000E+00   39.605000
  -8.880  0.44884744E-14  0.20146402E-28  0.00000000E+00   39.427200
  -8.860  0.53231306E-14  0.28335719E-28  0.00000000E+00   39.249800
  -8.840  0.63103706E-14  0.39820777E-28  0.00000000E+00   39.072800
  -8.820  0.74775953E-14  0.55914432E-28  0.00000000E+00   38.896200
  -8.800  0.88570352E-14  0.78447072E-28  0.00000000E+00   38.720000
  -8.780  0.10486585E-13  0.10996845E-27  0.00000000E+00   38.544200
  -8.760  0.12410778E-13  0.15402741E-27  0.00000000E+00   38.368800
  -8.740  0.14681930E-13  0.21555908E-27  0.00000000E+00   38.193800
  -8.720  0.17361470E-13  0.30142064E-27  0.00000000E+00   38.019200
  -8.700  0.20521494E-13  0.42113173E-27  0.00000000E+00   37.845000
  -8.680  0.24246585E-13  0.58789690E-27  0.00000000E+00   37.671200
  -8.660  0.28635928E-13  0.82001638E-27  0.00000000E+00   37.497800
  -8.640  0.33805782E-13  0.11428309E-26  0.00000000E+00   37.324800
  -8.620  0.39892359E-13  0.15914003E-26  0.00000000E+00   37.152200
  -8.600  0.47055179E-13  0.22141899E-26  0.00000000E+00   36.980000
  -8.580  0.55480975E-13  0.30781385E-26  0.00000000E+00   36.808200
  -8.560  0.65388238E-13  0.42756216E-26  0.00000000E+00   36.636800
  -8.540  0.77032511E-13  0.59340077E-26  0.00000000E+00   36.465800
  -8.520  0.90712535E-13  0.82287640E-26  0.00000000E+00   36.295200
  -8.500  0.10677740E-12  0.11401414E-25  0.00000000E+00   36.125000
  -8.480  0.12563486E-12  0.15784118E-25  0.00000000E+00   35.955200
  -8.460  0.14776095E-12  0.21833299E-25  0.00000000E+00   35.785800
  -8.440  0.17371123E-12  0.30175591E-25  0.00000000E+00   35.616800
  -8.420  0.20413372E-12  0.41670575E-25  0.00000000E+00   35.448200
  -8.400  0.23978401E-12  0.57496369E-25  0.00000000E+00   35.280000
  -8.380  0.28154268E-12  0.79266282E-25  0.00000000E+00   35.112200
  -8.360  0.33043558E-12  0.10918768E-24  0.00000000E+00   34.944800
  -8.340  0.38765721E-12  0.15027812E-24  0.00000000E+00   34.777800
  -8.320  0.45459786E-12  0.20665921E-24  0.00000000E+00   34.611200
  -8.300  0.53287496E-12  0.28395572E-24  0.00000000E+00   34.445000
  -8.280  0.62436940E-12  0.38983715E-24  0.00000000E+00   34.279200
  -8.260  0.73126746E-12  0.53475210E-24  0.00000000E+00   34.113800
  -8.240  0.85610924E-12  0.73292302E-24  0.00000000E+00   33.948800
  -8.220  0.10018446E-11  0.10036926E-23  0.00000000E+00   33.784200
  -8.200  0.11718979E-11  0.13733446E-23  0.00000000E+00   33.620000
  -8.180  0.13702422E-11  0.18775637E-23  0.00000000E+00   33.456200
  -8.160  0.16014856E-11  0.25647562E-23  0.00000000E+00   33.292800
  -8.140  0.18709700E-11  0.35005289E-23  0.00000000E+00   33.129800
  -8.120  0.21848854E-11  0.47737244E-23  0.00000000E+00   32.967200
  -8.100  0.25504013E-11  0.65045465E-23  0.00000000E+00   32.805000
  -8.080  0.29758177E-11  0.88554907E-23  0.00000000E+00   32.643200
  -8.060  0.34707396E-11  0.12046034E-22  0.00000000E+00   32.481800
  -8.040  0.40462772E-11  0.16372359E-22  0.00000000E+00   32.320800
  -8.020  0.47152753E-11  0.22233821E-22  0.00000000E+00   32.160200
  -8.000  0.54925785E-11  0.30168418E-22  0.00000000E+00   32.000000
  -7.980  0.63953339E-11  0.40900296E-22  0.00000000E+00   31.840200
  -7.960  0.74433403E-11  0.55403315E-22  0.00000000E+00   31.680800
  -7.940  0.86594474E-11  0.74986029E-22  0.00000000E+00   31.521800
  -7.920  0.10070014E-10  0.10140519E-21  0.00000000E+00   31.363200
  -7.900  0.11705435E-10  0.13701721E-21  0.00000000E+00   31.205000
  -7.880  0.13600740E-10  0.18498013E-21  0.00000000E+00   31.047200
  -7.860  0.15796286E-10  0.24952265E-21  0.00000000E+00   30.889800
  -7.840  0.18338544E-10  0.33630219E-21  0.00000000E+00   30.732800
  -7.820  0.21281003E-10  0.45288108E-21  0.00000000E+00   30.576200
  -7.800  0.24685200E-10  0.60935911E-21  0.00000000E+00   30.420000
  -7.780  0.28621902E-10  0.81921329E-21  0.00000000E+00   30.264200
  -7.760  0.33172451E-10  0.11004115E-20  0.00000000E+00   30.108800
  -7.740  0.38430303E-10  0.14768882E-20  0.00000000E+00   29.953800
  -7.720  0.44502784E-10  0.19804978E-20  0.00000000E+00   29.799200
  -7.700  0.51513093E-10  0.26535988E-20  0.00000000E+00   29.645000
  -7.680  0.59602587E-10  0.35524684E-20  0.00000000E+00   29.491200
  -7.660  0.68933379E-10  0.47518107E-20  0.00000000E+00   29.337800
  -7.640  0.79691307E-10  0.63507044E-20  0.00000000E+00   29.184800
  -7.620  0.92089307E-10  0.84804405E-20  0.00000000E+00   29.032200
  -7.600  0.10637126E-09  0.11314844E-19  0.00000000E+00   28.880000
  -7.580  0.12281634E-09  0.15083852E-19  0.00000000E+00   28.728200
  -7.560  0.14174401E-09  0.20091363E-19  0.00000000E+00   28.576800
  -7.540  0.16351964E-09  0.26738674E-19  0.00000000E+00   28.425800
  -7.520  0.18856095E-09  0.35555234E-19  0.00000000E+00   28.275200
  -7.500  0.21734525E-09  0.47238960E-19  0.00000000E+00   28.125000
  -7.480  0.25041772E-09  0.62709034E-19  0.00000000E+00   27.975200
  -7.460  0.28840076E-09  0.83174997E-19  0.00000000E+00   27.825800
  -7.440  0.33200462E-09  0.11022707E-18  0.00000000E+00   27.676800
  -7.420  0.38203943E-09  0.14595413E-18  0.00000000E+00   27.528200
  -7.400  0.43942881E-09  0.19309768E-18  0.00000000E+00   27.380000
  -7.380  0.50522529E-09  0.25525259E-18  0.00000000E+00   27.232200
  -7.360  0.58062777E-09  0.33712860E-18  0.00000000E+00   27.084800
  -7.340  0.66700121E-09  0.44489062E-18  0.00000000E+00   26.937800
  -7.320  0.76589898E-09  0.58660124E-18  0.00000000E+00   26.791200
  -7.300  0.87908798E-09  0.77279567E-18  0.00000000E+00   26.645000
  -7.280  0.10085771E-08  0.10172278E-17  0.00000000E+00   26.499200
  -7.260  0.11566495E-08  0.13378380E-17  0.00000000E+00   26.353800
  -7.240  0.13258983E-08  0.17580062E-17  0.00000000E+00   26.208800
  -7.220  0.15192680E-08  0.23081753E-17  0.00000000E+00   26.064200
  -7.200  0.17401002E-08  0.30279488E-17  0.00000000E+00   25.920000
  -7.180  0.19921854E-08  0.39688027E-17  0.00000000E+00   25.776200
  -7.160  0.22798212E-08  0.51975849E-17  0.00000000E+00   25.632800
  -7.140  0.26078784E-08  0.68010296E-17  0.00000000E+00   25.489800
  -7.120  0.29818740E-08  0.88915728E-17  0.00000000E+00   25.347200
  -7.100  0.34080552E-08  0.11614840E-16  0.00000000E+00   25.205000
  -7.080  0.38934916E-08  0.15159277E-16  0.00000000E+00   25.063200
  -7.060  0.44461805E-08  0.19768521E-16  0.00000000E+00   24.921800
  -7.040  0.50751644E-08  0.25757293E-16  0.00000000E+00   24.780800
  -7.020  0.57906621E-08  0.33531768E-16  0.00000000E+00   24.640200
  -7.000  0.66042175E-08  0.43615689E-16  0.00000000E+00   24.500000
  -6.980  0.75288644E-08  0.56683799E-16  0.00000000E+00   24.360200
  -6.960  0.85793122E-08  0.73604598E-16  0.00000000E+00   24.220800
  -6.940  0.97721538E-08  0.95494989E-16  0.00000000E+00   24.081800
  -6.920  0.11126098E-07  0.12379005E-15  0.00000000E+00   23.943200
  -6.900  0.12662228E-07  0.16033201E-15  0.00000000E+00   23.805000
  -6.880  0.14404294E-07  0.20748368E-15  0.00000000E+00   23.667200
  -6.860  0.16379037E-07  0.26827286E-15  0.00000000E+00   23.529800
  -6.840  0.18616551E-07  0.34657598E-15  0.00000000E+00   23.392800
  -6.820  0.21150687E-07  0.44735155E-15  0.00000000E+00   23.256200
  -6.800  0.24019504E-07  0.57693658E-15  0.00000000E+00   23.120000
  -6.780  0.27265775E-07  0.74342247E-15  0.00000000E+00   22.984200
  -6.760  0.30937542E-07  0.95713151E-15  0.00000000E+00   22.848800
  -6.740  0.35088747E-07  0.12312202E-14  0.00000000E+00   22.713800
  -6.720  0.39779921E-07  0.15824421E-14  0.00000000E+00   22.579200
  -6.700  0.45078963E-07  0.20321129E-14  0.00000000E+00   22.445000
  -6.680  0.51061992E-07  0.26073271E-14  0.00000000E+00   22.311200
  -6.660  0.57814314E-07  0.33424949E-14  0.00000000E+00   22.177800
  -6.640  0.65431471E-07  0.42812774E-14  0.00000000E+00   22.044800
  -6.620  0.74020430E-07  0.54790240E-14  0.00000000E+00   21.912200
  -6.600  0.83700885E-07  0.70058381E-14  0.00000000E+00   21.780000
  -6.580  0.94606710E-07  0.89504296E-14  0.00000000E+00   21.648200
  -6.560  0.10688757E-06  0.11424952E-13  0.00000000E+00   21.516800
  -6.540  0.12071069E-06  0.14571070E-13  0.00000000E+00   21.385800
  -6.520  0.13626284E-06  0.18567562E-13  0.00000000E+00   21.255200
  -6.500  0.15375253E-06  0.23639840E-13  0.00000000E+00   21.125000
  -6.480  0.17341239E-06  0.30071855E-13  0.00000000E+00   20.995200
  -6.460  0.19550186E-06  0.38220976E-13  0.00000000E+00   20.865800
  -6.440  0.22031015E-06  0.48536560E-13  0.00000000E+00   20.736800
  -6.420  0.24815947E-06  0.61583125E-13  0.00000000E+00   20.608200
  -6.400  0.27940867E-06  0.78069207E-13  0.00000000E+00   20.480000
  -6.380  0.31445715E-06  0.98883299E-13  0.00000000E+00   20.352200
  -6.360  0.35374926E-06  0.12513854E-12  0.00000000E+00   20.224800
  -6.340  0.39777912E-06  0.15822823E-12  0.00000000E+00   20.097800
  -6.320  0.44709593E-06  0.19989477E-12  0.00000000E+00   19.971200
  -6.300  0.50230979E-06  0.25231512E-12  0.00000000E+00   19.845000
  -6.280  0.56409813E-06  0.31820670E-12  0.00000000E+00   19.719200
  -6.260  0.63321278E-06  0.40095842E-12  0.00000000E+00   19.593800
  -6.240  0.71048773E-06  0.50479281E-12  0.00000000E+00   19.468800
  -6.220  0.79684764E-06  0.63496615E-12  0.00000000E+00   19.344200
  -6.200  0.89331719E-06  0.79801561E-12  0.00000000E+00   19.220000
  -6.180  0.10010314E-05  0.10020638E-11  0.00000000E+00   19.096200
  -6.160  0.11212467E-05  0.12571942E-11  0.00000000E+00   18.972800
  -6.140  0.12553536E-05  0.15759126E-11  0.00000000E+00   18.849800
  -6.120  0.14048897E-05  0.19737150E-11  0.00000000E+00   18.727200
  -6.100  0.15715549E-05  0.24697848E-11  0.00000000E+00   18.605000
  -6.080  0.17572274E-05  0.30878480E-11  0.00000000E+00   18.483200
  -6.060  0.19639812E-05  0.38572220E-11  0.00000000E+00   18.361800
  -6.040  0.21941056E-05  0.48140995E-11  0.00000000E+00   18.240800
  -6.020  0.24501263E-05  0.60031191E-11  0.00000000E+00   18.120200
  -6.000  0.27348282E-05  0.74792854E-11  0.00000000E+00   18.000000
  -5.980  0.30512805E-05  0.93103129E-11  0.00000000E+00   17.880200
  -5.960  0.34028642E-05  0.11579485E-10  0.00000000E+00   17.760800
  -5.940  0.37933017E-05  0.14389137E-10  0.00000000E+00   17.641800
  -5.920  0.42266891E-05  0.17864901E-10  0.00000000E+00   17.523200
  -5.900  0.47075319E-05  0.22160857E-10  0.00000000E+00   17.405000
  -5.880  0.52407828E-05  0.27465804E-10  0.00000000E+00   17.287200
  -5.860  0.58318837E-05  0.34010867E-10  0.00000000E+00   17.169800
  -5.840  0.64868107E-05  0.42078712E-10  0.00000000E+00   17.052800
  -5.820  0.72121233E-05  0.52014723E-10  0.00000000E+00   16.936200
  -5.800  0.80150179E-05  0.64240511E-10  0.00000000E+00   16.820000
  -5.780  0.89033848E-05  0.79270262E-10  0.00000000E+00   16.704200
  -5.760  0.98858716E-05  0.97730458E-10  0.00000000E+00   16.588800
  -5.740  0.10971950E-04  0.12038369E-09  0.00000000E+00   16.473800
  -5.720  0.12171990E-04  0.14815735E-09  0.00000000E+00   16.359200
  -5.700  0.13497339E-04  0.18217815E-09  0.00000000E+00   16.245000
  -5.680  0.14960404E-04  0.22381370E-09  0.00000000E+00   16.131200
  -5.660  0.16574751E-04  0.27472239E-09  0.00000000E+00   16.017800
  -5.640  0.18355198E-04  0.33691330E-09  0.00000000E+00   15.904800
  -5.620  0.20317925E-04  0.41281809E-09  0.00000000E+00   15.792200
  -5.600  0.22480591E-04  0.50537696E-09  0.00000000E+00   15.680000
  -5.580  0.24862456E-04  0.61814170E-09  0.00000000E+00   15.568200
  -5.560  0.27484518E-04  0.75539871E-09  0.00000000E+00   15.456800
  -5.540  0.30369655E-04  0.92231596E-09  0.00000000E+00   15.345800
  -5.520  0.33542784E-04  0.11251183E-08  0.00000000E+00   15.235200
  -5.500  0.37031022E-04  0.13712966E-08  0.00000000E+00   15.125000
  -5.480  0.40863868E-04  0.16698557E-08  0.00000000E+00   15.015200
  -5.460  0.45073398E-04  0.20316112E-08  0.00000000E+00   14.905800
  -5.440  0.49694464E-04  0.24695397E-08  0.00000000E+00   14.796800
  -5.420  0.54764918E-04  0.29991963E-08  0.00000000E+00   14.688200
  -5.400  0.60325849E-04  0.36392081E-08  0.00000000E+00   14.580000
  -5.380  0.66421831E-04  0.44118597E-08  0.00000000E+00   14.472200
  -5.360  0.73101197E-04  0.53437850E-08  0.00000000E+00   14.364800
  -5.340  0.80416321E-04  0.64667847E-08  0.00000000E+00   14.257800
  -5.320  0.88423930E-04  0.78187915E-08  0.00000000E+00   14.151200
  -5.300  0.97185431E-04  0.94450079E-08  0.00000000E+00   14.045000
  -5.280  0.10676725E-03  0.11399246E-07  0.00000000E+00   13.939200
  -5.260  0.11724123E-03  0.13745506E-07  0.00000000E+00   13.833800
  -5.240  0.12868498E-03  0.16559824E-07  0.00000000E+00   13.728800
  -5.220  0.14118234E-03  0.19932453E-07  0.00000000E+00   13.624200
  -5.200  0.15482380E-03  0.23970411E-07  0.00000000E+00   13.520000
  -5.180  0.16970700E-03  0.28800466E-07  0.00000000E+00   13.416200
  -5.160  0.18593718E-03  0.34572636E-07  0.00000000E+00   13.312800
  -5.140  0.20362778E-03  0.41464271E-07  0.00000000E+00   13.209800
  -5.120  0.22290093E-03  0.49684824E-07  0.00000000E+00   13.107200
  -5.100  0.24388811E-03  0.59481410E-07  0.00000000E+00   13.005000
  -5.080  0.26673074E-03  0.71145289E-07  0.00000000E+00   12.903200
  -5.060  0.29158086E-03  0.85019398E-07  0.00000000E+00   12.801800
  -5.040  0.31860181E-03  0.10150712E-06  0.00000000E+00   12.700800
  -5.020  0.34796900E-03  0.12108243E-06  0.00000000E+00   12.600200
  -5.000  0.37987066E-03  0.14430172E-06  0.00000000E+00   12.500000
  -4.980  0.41450865E-03  0.17181742E-06  0.00000000E+00   12.400200
  -4.960  0.45209937E-03  0.20439384E-06  0.00000000E+00   12.300800
  -4.940  0.49287460E-03  0.24292537E-06  0.00000000E+00   12.201800
  -4.920  0.53708247E-03  0.28845758E-06  0.00000000E+00   12.103200
  -4.900  0.58498847E-03  0.34221151E-06  0.00000000E+00   12.005000
  -4.880  0.63687644E-03  0.40561160E-06  0.00000000E+00   11.907200
  -4.860  0.69304972E-03  0.48031792E-06  0.00000000E+00   11.809800
  -4.840  0.75383222E-03  0.56826301E-06  0.00000000E+00   11.712800
  -4.820  0.81956962E-03  0.67169436E-06  0.00000000E+00   11.616200
  -4.800  0.89063061E-03  0.79322288E-06  0.00000000E+00   11.520000
  -4.780  0.96740817E-03  0.93587857E-06  0.00000000E+00   11.424200
  -4.760  0.10503209E-02  0.11031740E-05  0.00000000E+00   11.328800
  -4.740  0.11398144E-02  0.12991768E-05  0.00000000E+00   11.233800
  -4.720  0.12363626E-02  0.15285925E-05  0.00000000E+00   11.139200
  -4.700  0.13404695E-02  0.17968586E-05  0.00000000E+00   11.045000
  -4.680  0.14526705E-02  0.21102516E-05  0.00000000E+00   10.951200
  -4.660  0.15735339E-02  0.24760090E-05  0.00000000E+00   10.857800
  -4.640  0.17036628E-02  0.29024671E-05  0.00000000E+00   10.764800
  -4.620  0.18436966E-02  0.33992172E-05  0.00000000E+00   10.672200
  -4.600  0.19943127E-02  0.39772833E-05  0.00000000E+00   10.580000
  -4.580  0.21562284E-02  0.46493211E-05  0.00000000E+00   10.488200
  -4.560  0.23302027E-02  0.54298444E-05  0.00000000E+00   10.396800
  -4.540  0.25170378E-02  0.63354793E-05  0.00000000E+00   10.305800
  -4.520  0.27175817E-02  0.73852502E-05  0.00000000E+00   10.215200
  -4.500  0.29327294E-02  0.86009018E-05  0.00000000E+00   10.125000
  -4.480  0.31634254E-02  0.10007260E-04  0.00000000E+00   10.035200
  -4.460  0.34106652E-02  0.11632637E-04  0.00000000E+00    9.945800
  -4.440  0.36754978E-02  0.13509284E-04  0.00000000E+00    9.856800
  -4.420  0.39590273E-02  0.15673897E-04  0.00000000E+00    9.768200
  -4.400  0.42624152E-02  0.18168183E-04  0.00000000E+00    9.680000
  -4.380  0.45868823E-02  0.21039490E-04  0.00000000E+00    9.592200
  -4.360  0.49337109E-02  0.24341503E-04  0.00000000E+00    9.504800
  -4.340  0.53042465E-02  0.28135031E-04  0.00000000E+00    9.417800
  -4.320  0.56999002E-02  0.32488862E-04  0.00000000E+00    9.331200
  -4.300  0.61221504E-02  0.37480725E-04  0.00000000E+00    9.245000
  -4.280  0.65725450E-02  0.43198348E-04  0.00000000E+00    9.159200
  -4.260  0.70527031E-02  0.49740621E-04  0.00000000E+00    9.073800
  -4.240  0.75643169E-02  0.57218891E-04  0.00000000E+00    8.988800
  -4.220  0.81091537E-02  0.65758373E-04  0.00000000E+00    8.904200
  -4.200  0.86890571E-02  0.75499713E-04  0.00000000E+00    8.820000
  -4.180  0.93059492E-02  0.86600691E-04  0.00000000E+00    8.736200
  -4.160  0.99618320E-02  0.99238096E-04  0.00000000E+00    8.652800
  -4.140  0.10658788E-01  0.11360977E-03  0.00000000E+00    8.569800
  -4.120  0.11398984E-01  0.12993683E-03  0.00000000E+00    8.487200
  -4.100  0.12184667E-01  0.14846612E-03  0.00000000E+00    8.405000
  -4.080  0.13018173E-01  0.16947283E-03  0.00000000E+00    8.323200
  -4.060  0.13901919E-01  0.19326336E-03  0.00000000E+00    8.241800
  -4.040  0.14838411E-01  0.22017844E-03  0.00000000E+00    8.160800
  -4.020  0.15830240E-01  0.25059649E-03  0.00000000E+00    8.080200
  -4.000  0.16880083E-01  0.28493720E-03  0.00000000E+00    8.000000
  -3.980  0.17990704E-01  0.32366544E-03  0.00000000E+00    7.920200
  -3.960  0.19164954E-01  0.36729546E-03  0.00000000E+00    7.840800
  -3.940  0.20405767E-01  0.41639531E-03  0.00000000E+00    7.761800
  -3.920  0.21716162E-01  0.47159170E-03  0.00000000E+00    7.683200
  -3.900  0.23099242E-01  0.53357500E-03  0.00000000E+00    7.605000
  -3.880  0.24558191E-01  0.60310476E-03  0.00000000E+00    7.527200
  -3.860  0.26096271E-01  0.68101537E-03  0.00000000E+00    7.449800
  -3.840  0.27716822E-01  0.76822220E-03  0.00000000E+00    7.372800
  -3.820  0.29423256E-01  0.86572800E-03  0.00000000E+00    7.296200
  -3.800  0.31219058E-01  0.97462961E-03  0.00000000E+00    7.220000
  -3.780  0.33107779E-01  0.10961250E-02  0.00000000E+00    7.144200
  -3.760  0.35093031E-01  0.12315208E-02  0.00000000E+00    7.068800
  -3.740  0.37178486E-01  0.13822398E-02  0.00000000E+00    6.993800
  -3.720  0.39367866E-01  0.15498289E-02  0.00000000E+00    6.919200
  -3.700  0.41664941E-01  0.17359673E-02  0.00000000E+00    6.845000
  -3.680  0.44073522E-01  0.19424753E-02  0.00000000E+00    6.771200
  -3.660  0.46597451E-01  0.21713224E-02  0.00000000E+00    6.697800
  -3.640  0.49240596E-01  0.24246363E-02  0.00000000E+00    6.624800
  -3.620  0.52006845E-01  0.27047119E-02  0.00000000E+00    6.552200
  -3.600  0.54900090E-01  0.30140199E-02  0.00000000E+00    6.480000
  -3.580  0.57924225E-01  0.33552159E-02  0.00000000E+00    6.408200
  -3.560  0.61083133E-01  0.37311491E-02  0.00000000E+00    6.336800
  -3.540  0.64380672E-01  0.41448710E-02  0.00000000E+00    6.265800
  -3.520  0.67820670E-01  0.45996433E-02  0.00000000E+00    6.195200
  -3.500  0.71406907E-01  0.50989464E-02  0.00000000E+00    6.125000
  -3.480  0.75143105E-01  0.56464862E-02  0.00000000E+00    6.055200
  -3.460  0.79032912E-01  0.62462012E-02  0.00000000E+00    5.985800
  -3.440  0.83079892E-01  0.69022685E-02  0.00000000E+00    5.916800
  -3.420  0.87287507E-01  0.76191089E-02  0.00000000E+00    5.848200
  -3.400  0.91659100E-01  0.84013906E-02  0.00000000E+00    5.780000
  -3.380  0.96197882E-01  0.92540326E-02  0.00000000E+00    5.712200
  -3.360  0.10090691E+00  0.10182205E-01  0.00000000E+00    5.644800
  -3.340  0.10578909E+00  0.11191331E-01  0.00000000E+00    5.577800
  -3.320  0.11084711E+00  0.12287082E-01  0.00000000E+00    5.511200
  -3.300  0.11608348E+00  0.13475374E-01  0.00000000E+00    5.445000
  -3.280  0.12150047E+00  0.14762365E-01  0.00000000E+00    5.379200
  -3.260  0.12710013E+00  0.16154442E-01  0.00000000E+00    5.313800
  -3.240  0.13288420E+00  0.17658212E-01  0.00000000E+00    5.248800
  -3.220  0.13885419E+00  0.19280486E-01  0.00000000E+00    5.184200
  -3.200  0.14501126E+00  0.21028264E-01  0.00000000E+00    5.120000
  -3.180  0.15135625E+00  0.22908715E-01  0.00000000E+00    5.056200
  -3.160  0.15788968E+00  0.24929150E-01  0.00000000E+00    4.992800
  -3.140  0.16461165E+00  0.27096997E-01  0.00000000E+00    4.929800
  -3.120  0.17152191E+00  0.29419767E-01  0.00000000E+00    4.867200
  -3.100  0.17861977E+00  0.31905022E-01  0.00000000E+00    4.805000
  -3.080  0.18590410E+00  0.34560333E-01  0.00000000E+00    4.743200
  -3.060  0.19337331E+00  0.37393236E-01  0.00000000E+00    4.681800
  -3.040  0.20102533E+00  0.40411183E-01  0.00000000E+00    4.620800
  -3.020  0.20885759E+00  0.43621493E-01  0.00000000E+00    4.560200
  -3.000  0.21686699E+00  0.47031290E-01  0.00000000E+00    4.500000
  -2.980  0.22504987E+00  0.50647442E-01  0.00000000E+00    4.440200
  -2.960  0.23340201E+00  0.54476497E-01  0.00000000E+00    4.380800
  -2.940  0.24191860E+00  0.58524609E-01  0.00000000E+00    4.321800
  -2.920  0.25059423E+00  0.62797468E-01  0.00000000E+00    4.263200
  -2.900  0.25942285E+00  0.67300216E-01  0.00000000E+00    4.205000
  -2.880  0.26839778E+00  0.72037367E-01  0.00000000E+00    4.147200
  -2.860  0.27751166E+00  0.77012720E-01  0.00000000E+00    4.089800
  -2.840  0.28675647E+00  0.82229271E-01  0.00000000E+00    4.032800
  -2.820  0.29612349E+00  0.87689124E-01  0.00000000E+00    3.976200
  -2.800  0.30560332E+00  0.93393392E-01  0.00000000E+00    3.920000
  -2.780  0.31518583E+00  0.99342106E-01  0.00000000E+00    3.864200
  -2.760  0.32486016E+00  0.10553412E+00  0.00000000E+00    3.808800
  -2.740  0.33461473E+00  0.11196702E+00  0.00000000E+00    3.753800
  -2.720  0.34443724E+00  0.11863702E+00  0.00000000E+00    3.699200
  -2.700  0.35431464E+00  0.12553887E+00  0.00000000E+00    3.645000
  -2.680  0.36423314E+00  0.13266578E+00  0.00000000E+00    3.591200
  -2.660  0.37417821E+00  0.14000933E+00  0.00000000E+00    3.537800
  -2.640  0.38412328E+00  0.14755070E+00  0.18326518E+01    3.484800
  -2.620  0.39406369E+00  0.15528619E+00  0.86301902E+00    3.432200
  -2.600  0.40398273E+00  0.16320205E+00  0.64825955E+00    3.380000
  -2.580  0.41386300E+00  0.17128258E+00  0.54164194E+00    3.328200
  -2.560  0.42368640E+00  0.17951017E+00  0.47513288E+00    3.276800
  -2.540  0.43343417E+00  0.18786518E+00  0.42863745E+00    3.225800
  -2.520  0.44308688E+00  0.19632598E+00  0.39381268E+00    3.175200
  -2.500  0.45262448E+00  0.20486892E+00  0.36649083E+00    3.125000
  -2.480  0.46202632E+00  0.21346832E+00  0.34432782E+00    3.075200
  -2.460  0.47127118E+00  0.22209653E+00  0.32589096E+00    3.025800
  -2.440  0.48033730E+00  0.23072392E+00  0.31024882E+00    2.976800
  -2.420  0.48920241E+00  0.23931900E+00  0.29676621E+00    2.928200
  -2.400  0.49784379E+00  0.24784844E+00  0.28499316E+00    2.880000
  -2.380  0.50623829E+00  0.25627721E+00  0.27460078E+00    2.832200
  -2.360  0.51436240E+00  0.26456868E+00  0.26534240E+00    2.784800
  -2.340  0.52219227E+00  0.27268477E+00  0.25702891E+00    2.737800
  -2.320  0.52970380E+00  0.28058612E+00  0.24951255E+00    2.691200
  -2.300  0.53687267E+00  0.28823227E+00  0.24267600E+00    2.645000
  -2.280  0.54367441E+00  0.29558186E+00  0.23642477E+00    2.599200
  -2.260  0.55008444E+00  0.30259289E+00  0.23068175E+00    2.553800
  -2.240  0.55607817E+00  0.30922293E+00  0.22538336E+00    2.508800
  -2.220  0.56163106E+00  0.31542945E+00  0.22047663E+00    2.464200
  -2.200  0.56671867E+00  0.32117005E+00  0.21591699E+00    2.420000
  -2.180  0.57131675E+00  0.32640283E+00  0.21166669E+00    2.376200
  -2.160  0.57540133E+00  0.33108669E+00  0.20769348E+00    2.332800
  -2.140  0.57894874E+00  0.33518165E+00  0.20396964E+00    2.289800
  -2.120  0.58193579E+00  0.33864926E+00  0.20047118E+00    2.247200
  -2.100  0.58433974E+00  0.34145293E+00  0.19717722E+00    2.205000
  -2.080  0.58613847E+00  0.34355830E+00  0.19406950E+00    2.163200
  -2.060  0.58731052E+00  0.34493365E+00  0.19113198E+00    2.121800
  -2.040  0.58783520E+00  0.34555022E+00  0.18835047E+00    2.080800
  -2.020  0.58769265E+00  0.34538265E+00  0.18571241E+00    2.040200
  -2.000  0.58686395E+00  0.34440930E+00  0.18320661E+00    2.000000
  -1.980  0.58533121E+00  0.34261263E+00  0.18082306E+00    1.960200
  -1.960  0.58307763E+00  0.33997953E+00  0.17855280E+00    1.920800
  -1.940  0.58008762E+00  0.33650165E+00  0.17638775E+00    1.881800
  -1.920  0.57634687E+00  0.33217572E+00  0.17432065E+00    1.843200
  -1.900  0.57184242E+00  0.32700375E+00  0.17234488E+00    1.805000
  -1.880  0.56656278E+00  0.32099338E+00  0.17045448E+00    1.767200
  -1.860  0.56049797E+00  0.31415798E+00  0.16864401E+00    1.729800
  -1.840  0.55363965E+00  0.30651686E+00  0.16690850E+00    1.692800
  -1.820  0.54598114E+00  0.29809540E+00  0.16524341E+00    1.656200
  -1.800  0.53751752E+00  0.28892509E+00  0.16364459E+00    1.620000
  -1.780  0.52824573E+00  0.27904355E+00  0.16210822E+00    1.584200
  -1.760  0.51816459E+00  0.26849454E+00  0.16063079E+00    1.548800
  -1.740  0.50727486E+00  0.25732778E+00  0.15920906E+00    1.513800
  -1.720  0.49557935E+00  0.24559890E+00  0.15784005E+00    1.479200
  -1.700  0.48308293E+00  0.23336912E+00  0.15652099E+00    1.445000
  -1.680  0.46979259E+00  0.22070508E+00  0.15524932E+00    1.411200
  -1.660  0.45571746E+00  0.20767841E+00  0.15402266E+00    1.377800
  -1.640  0.44086890E+00  0.19436539E+00  0.15283882E+00    1.344800
  -1.620  0.42526047E+00  0.18084647E+00  0.15169572E+00    1.312200
  -1.600  0.40890800E+00  0.16720575E+00  0.15059146E+00    1.280000
  -1.580  0.39182956E+00  0.15353040E+00  0.14952425E+00    1.248200
  -1.560  0.37404552E+00  0.13991005E+00  0.14849242E+00    1.216800
  -1.540  0.35557852E+00  0.12643608E+00  0.14749440E+00    1.185800
  -1.520  0.33645346E+00  0.11320093E+00  0.14652874E+00    1.155200
  -1.500  0.31669752E+00  0.10029732E+00  0.14559406E+00    1.125000
  -1.480  0.29634008E+00  0.87817444E-01  0.14468908E+00    1.095200
  -1.460  0.27541277E+00  0.75852192E-01  0.14381258E+00    1.065800
  -1.440  0.25394935E+00  0.64490271E-01  0.14296343E+00    1.036800
  -1.420  0.23198572E+00  0.53817375E-01  0.14214055E+00    1.008200
  -1.400  0.20955985E+00  0.43915332E-01  0.14134293E+00    0.980000
  -1.380  0.18671171E+00  0.34861262E-01  0.14056963E+00    0.952200
  -1.360  0.16348318E+00  0.26726751E-01  0.13981974E+00    0.924800
  -1.340  0.13991803E+00  0.19577056E-01  0.13909242E+00    0.897800
  -1.320  0.11606177E+00  0.13470335E-01  0.13838685E+00    0.871200
  -1.300  0.91961576E-01  0.84569315E-02  0.13770229E+00    0.845000
  -1.280  0.67666191E-01  0.45787134E-02  0.13703802E+00    0.819200
  -1.260  0.43225808E-01  0.18684705E-02  0.13639334E+00    0.793800
  -1.240  0.18691951E-01  0.34938903E-03  0.13576762E+00    0.768800
  -1.220 -0.58826552E-02  0.34605632E-04  0.13516024E+00    0.744200
  -1.200 -0.30444216E-01  0.92685027E-03  0.13457062E+00    0.720000
  -1.180 -0.54938008E-01  0.30181848E-02  0.13399821E+00    0.696200
  -1.160 -0.79308530E-01  0.62898429E-02  0.13344248E+00    0.672800
  -1.140 -0.10349965E+00  0.10712177E-01  0.13290294E+00    0.649800
  -1.120 -0.12745476E+00  0.16244717E-01  0.13237910E+00    0.627200
  -1.100 -0.15111697E+00  0.22836338E-01  0.13187052E+00    0.605000
  -1.080 -0.17442921E+00  0.30425550E-01  0.13137676E+00    0.583200
  -1.060 -0.19733448E+00  0.38940898E-01  0.13089742E+00    0.561800
  -1.040 -0.21977597E+00  0.48301478E-01  0.13043210E+00    0.540800
  -1.020 -0.24169726E+00  0.58417565E-01  0.12998044E+00    0.520200
  -1.000 -0.26304248E+00  0.69191346E-01  0.12954207E+00    0.500000
  -0.980 -0.28375652E+00  0.80517763E-01  0.12911665E+00    0.480200
  -0.960 -0.30378519E+00  0.92285442E-01  0.12870387E+00    0.460800
  -0.940 -0.32307541E+00  0.10437772E+00  0.12830341E+00    0.441800
  -0.920 -0.34157538E+00  0.11667374E+00  0.12791499E+00    0.423200
  -0.900 -0.35923478E+00  0.12904963E+00  0.12753831E+00    0.405000
  -0.880 -0.37600493E+00  0.14137971E+00  0.12717311E+00    0.387200
  -0.860 -0.39183896E+00  0.15353777E+00  0.12681913E+00    0.369800
  -0.840 -0.40669202E+00  0.16539840E+00  0.12647613E+00    0.352800
  -0.820 -0.42052138E+00  0.17683823E+00  0.12614387E+00    0.336200
  -0.800 -0.43328666E+00  0.18773733E+00  0.12582213E+00    0.320000
  -0.780 -0.44494996E+00  0.19798046E+00  0.12551069E+00    0.304200
  -0.760 -0.45547598E+00  0.20745837E+00  0.12520935E+00    0.288800
  -0.740 -0.46483223E+00  0.21606900E+00  0.12491791E+00    0.273800
  -0.720 -0.47298909E+00  0.22371868E+00  0.12463620E+00    0.259200
  -0.700 -0.47992000E+00  0.23032321E+00  0.12436402E+00    0.245000
  -0.680 -0.48560156E+00  0.23580888E+00  0.12410121E+00    0.231200
  -0.660 -0.49001361E+00  0.24011334E+00  0.12384760E+00    0.217800
  -0.640 -0.49313938E+00  0.24318645E+00  0.12360305E+00    0.204800
  -0.620 -0.49496553E+00  0.24499087E+00  0.12336740E+00    0.192200
  -0.600 -0.49548226E+00  0.24550267E+00  0.12314050E+00    0.180000
  -0.580 -0.49468339E+00  0.24471165E+00  0.12292224E+00    0.168200
  -0.560 -0.49256635E+00  0.24262161E+00  0.12271247E+00    0.156800
  -0.540 -0.48913231E+00  0.23925042E+00  0.12251107E+00    0.145800
  -0.520 -0.48438615E+00  0.23462994E+00  0.12231794E+00    0.135200
  -0.500 -0.47833649E+00  0.22880580E+00  0.12213295E+00    0.125000
  -0.480 -0.47099572E+00  0.22183697E+00  0.12195601E+00    0.115200
  -0.460 -0.46237996E+00  0.21379523E+00  0.12178700E+00    0.105800
  -0.440 -0.45250905E+00  0.20476444E+00  0.12162585E+00    0.096800
  -0.420 -0.44140655E+00  0.19483974E+00  0.12147246E+00    0.088200
  -0.400 -0.42909962E+00  0.18412648E+00  0.12132673E+00    0.080000
  -0.380 -0.41561904E+00  0.17273919E+00  0.12118861E+00    0.072200
  -0.360 -0.40099909E+00  0.16080027E+00  0.12105800E+00    0.064800
  -0.340 -0.38527748E+00  0.14843874E+00  0.12093484E+00    0.057800
  -0.320 -0.36849524E+00  0.13578874E+00  0.12081906E+00    0.051200
  -0.300 -0.35069663E+00  0.12298812E+00  0.12071060E+00    0.045000
  -0.280 -0.33192899E+00  0.11017686E+00  0.12060940E+00    0.039200
  -0.260 -0.31224266E+00  0.97495479E-01  0.12051541E+00    0.033800
  -0.240 -0.29169077E+00  0.85083503E-01  0.12042857E+00    0.028800
  -0.220 -0.27032912E+00  0.73077831E-01  0.12034885E+00    0.024200
  -0.200 -0.24821602E+00  0.61611191E-01  0.12027620E+00    0.020000
  -0.180 -0.22541211E+00  0.50810618E-01  0.12021058E+00    0.016200
  -0.160 -0.20198016E+00  0.40795987E-01  0.12015196E+00    0.012800
  -0.140 -0.17798493E+00  0.31678634E-01  0.12010031E+00    0.009800
  -0.120 -0.15349289E+00  0.23560066E-01  0.12005560E+00    0.007200
  -0.100 -0.12857209E+00  0.16530782E-01  0.12001781E+00    0.005000
  -0.080 -0.10329192E+00  0.10669220E-01  0.11998691E+00    0.003200
  -0.060 -0.77722887E-01  0.60408471E-02  0.11996290E+00    0.001800
  -0.040 -0.51936414E-01  0.26973911E-02  0.11994575E+00    0.000800
  -0.020 -0.26004600E-01  0.67623921E-03  0.11993547E+00    0.000200
   0.000  0.00000000E+00  0.00000000E+00  0.11993204E+00    0.000000
   0.020  0.26004600E-01  0.67623921E-03  0.11993547E+00    0.000200
   0.040  0.51936414E-01  0.26973911E-02  0.11994575E+00    0.000800
   0.060  0.77722887E-01  0.60408471E-02  0.11996290E+00    0.001800
   0.080  0.10329192E+00  0.10669220E-01  0.11998691E+00    0.003200
   0.100  0.12857209E+00  0.16530782E-01  0.12001781E+00    0.005000
   0.120  0.15349289E+00  0.23560066E-01  0.12005560E+00    0.007200
   0.140  0.17798493E+00  0.31678634E-01  0.12010031E+00    0.009800
   0.160  0.20198016E+00  0.40795987E-01  0.12015196E+00    0.012800
   0.180  0.22541211E+00  0.50810618E-01  0.12021058E+00    0.016200
   0.200  0.24821602E+00  0.61611191E-01  0.12027620E+00    0.020000
   0.220  0.27032912E+00  0.73077831E-01  0.12034885E+00    0.024200
   0.240  0.29169077E+00  0.85083503E-01  0.12042857E+00    0.028800
   0.260  0.31224266E+00  0.97495479E-01  0.12051541E+00    0.033800
   0.280  0.33192899E+00  0.11017686E+00  0.12060940E+00    0.039200
   0.300  0.35069663E+00  0.12298812E+00  0.12071060E+00    0.045000
   0.320  0.36849524E+00  0.13578874E+00  0.12081906E+00    0.051200
   0.340  0.38527748E+00  0.14843874E+00  0.12093484E+00    0.057800
   0.360  0.40099909E+00  0.16080027E+00  0.12105800E+00    0.064800
   0.380  0.41561904E+00  0.17273919E+00  0.12118861E+00    0.072200
   0.400  0.42909962E+00  0.18412648E+00  0.12132673E+00    0.080000
   0.420  0.44140655E+00  0.19483974E+00  0.12147246E+00    0.088200
   0.440  0.45250905E+00  0.20476444E+00  0.12162585E+00    0.096800
   0.460  0.46237996E+00  0.21379523E+00  0.12178700E+00    0.105800
   0.480  0.47099572E+00  0.22183697E+00  0.12195601E+00    0.115200
   0.500  0.47833649E+00  0.22880580E+00  0.12213295E+00    0.125000
   0.520  0.48438615E+00  0.23462994E+00  0.12231794E+00    0.135200
   0.540  0.48913231E+00  0.23925042E+00  0.12251107E+00    0.145800
   0.560  0.49256635E+00  0.24262161E+00  0.12271247E+00    0.156800
   0.580  0.49468339E+00  0.24471165E+00  0.12292224E+00    0.168200
   0.600  0.49548226E+00  0.24550267E+00  0.12314050E+00    0.180000
   0.620  0.49496553E+00  0.24499087E+00  0.12336740E+00    0.192200
   0.640  0.49313938E+00  0.24318645E+00  0.12360305E+00    0.204800
   0.660  0.49001361E+00  0.24011334E+00  0.12384760E+00    0.217800
   0.680  0.48560156E+00  0.23580888E+00  0.12410121E+00    0.231200
   0.700  0.47992000E+00  0.23032321E+00  0.12436402E+00    0.245000
   0.720  0.47298909E+00  0.22371868E+00  0.12463620E+00    0.259200
   0.740  0.46483223E+00  0.21606900E+00  0.12491791E+00    0.273800
   0.760  0.45547598E+00  0.20745837E+00  0.12520935E+00    0.288800
   0.780  0.44494996E+00  0.19798046E+00  0.12551069E+00    0.304200
   0.800  0.43328666E+00  0.18773733E+00  0.12582213E+00    0.320000
   0.820  0.42052138E+00  0.17683823E+00  0.12614387E+00    0.336200
   0.840  0.40669202E+00  0.16539840E+00  0.12647613E+00    0.352800
   0.860  0.39183896E+00  0.15353777E+00  0.12681913E+00    0.369800
   0.880  0.37600493E+00  0.14137971E+00  0.12717311E+00    0.387200
   0.900  0.35923478E+00  0.12904963E+00  0.12753831E+00    0.405000
   0.920  0.34157538E+00  0.11667374E+00  0.12791499E+00    0.423200
   0.940  0.32307541E+00  0.10437772E+00  0.12830341E+00    0.441800
   0.960  0.30378519E+00  0.92285442E-01  0.12870387E+00    0.460800
   0.980  0.28375652E+00  0.80517763E-01  0.12911665E+00    0.480200
   1.000  0.26304248E+00  0.69191346E-01  0.12954207E+00    0.500000
   1.020  0.24169726E+00  0.58417565E-01  0.12998044E+00    0.520200
   1.040  0.21977597E+00  0.48301478E-01  0.13043210E+00    0.540800
   1.060  0.19733448E+00  0.38940898E-01  0.13089742E+00    0.561800
   1.080  0.17442921E+00  0.30425550E-01  0.13137676E+00    0.583200
   1.100  0.15111697E+00  0.22836338E-01  0.13187052E+00    0.605000
   1.120  0.12745476E+00  0.16244717E-01  0.13237910E+00    0.627200
   1.140  0.10349965E+00  0.10712177E-01  0.13290294E+00    0.649800
   1.160  0.79308530E-01  0.62898429E-02  0.13344248E+00    0.672800
   1.180  0.54938008E-01  0.30181848E-02  0.13399821E+00    0.696200
   1.200  0.30444216E-01  0.92685027E-03  0.13457062E+00    0.720000
   1.220  0.58826552E-02  0.34605632E-04  0.13516024E+00    0.744200
   1.240 -0.18691951E-01  0.34938903E-03  0.13576762E+00    0.768800
   1.260 -0.43225808E-01  0.18684705E-02  0.13639334E+00    0.793800
   1.280 -0.67666191E-01  0.45787134E-02  0.13703802E+00    0.819200
   1.300 -0.91961576E-01  0.84569315E-02  0.13770229E+00    0.845000
   1.320 -0.11606177E+00  0.13470335E-01  0.13838685E+00    0.871200
   1.340 -0.13991803E+00  0.19577056E-01  0.13909242E+00    0.897800
   1.360 -0.16348318E+00  0.26726751E-01  0.13981974E+00    0.924800
   1.380 -0.18671171E+00  0.34861262E-01  0.14056963E+00    0.952200
   1.400 -0.20955985E+00  0.43915332E-01  0.14134293E+00    0.980000
   1.420 -0.23198572E+00  0.53817375E-01  0.14214055E+00    1.008200
   1.440 -0.25394935E+00  0.64490271E-01  0.14296343E+00    1.036800
   1.460 -0.27541277E+00  0.75852192E-01  0.14381258E+00    1.065800
   1.480 -0.29634008E+00  0.87817444E-01  0.14468908E+00    1.095200
   1.500 -0.31669752E+00  0.10029732E+00  0.14559406E+00    1.125000
   1.520 -0.33645346E+00  0.11320093E+00  0.14652874E+00    1.155200
   1.540 -0.35557852E+00  0.12643608E+00  0.14749440E+00    1.185800
   1.560 -0.37404552E+00  0.13991005E+00  0.14849242E+00    1.216800
   1.580 -0.39182956E+00  0.15353040E+00  0.14952425E+00    1.248200
   1.600 -0.40890800E+00  0.16720575E+00  0.15059146E+00    1.280000
   1.620 -0.42526047E+00  0.18084647E+00  0.15169572E+00    1.312200
   1.640 -0.44086890E+00  0.19436539E+00  0.15283882E+00    1.344800
   1.660 -0.45571746E+00  0.20767841E+00  0.15402266E+00    1.377800
   1.680 -0.46979259E+00  0.22070508E+00  0.15524932E+00    1.411200
   1.700 -0.48308293E+00  0.23336912E+00  0.15652099E+00    1.445000
   1.720 -0.49557935E+00  0.24559890E+00  0.15784005E+00    1.479200
   1.740 -0.50727486E+00  0.25732778E+00  0.15920906E+00    1.513800
   1.760 -0.51816459E+00  0.26849454E+00  0.16063079E+00    1.548800
   1.780 -0.52824573E+00  0.27904355E+00  0.16210822E+00    1.584200
   1.800 -0.53751752E+00  0.28892509E+00  0.16364459E+00    1.620000
   1.820 -0.54598114E+00  0.29809540E+00  0.16524341E+00    1.656200
   1.840 -0.55363965E+00  0.30651686E+00  0.16690850E+00    1.692800
   1.860 -0.56049797E+00  0.31415798E+00  0.16864401E+00    1.729800
   1.880 -0.56656278E+00  0.32099338E+00  0.17045448E+00    1.767200
   1.900 -0.57184242E+00  0.32700375E+00  0.17234488E+00    1.805000
   1.920 -0.57634687E+00  0.33217572E+00  0.17432065E+00    1.843200
   1.940 -0.58008762E+00  0.33650165E+00  0.17638775E+00    1.881800
   1.960 -0.58307763E+00  0.33997953E+00  0.17855280E+00    1.920800
   1.980 -0.58533121E+00  0.34261263E+00  0.18082306E+00    1.960200
   2.000 -0.58686395E+00  0.34440930E+00  0.18320661E+00    2.000000
   2.020 -0.58769265E+00  0.34538265E+00  0.18571241E+00    2.040200
   2.040 -0.58783520E+00  0.34555022E+00  0.18835047E+00    2.080800
   2.060 -0.58731052E+00  0.34493365E+00  0.19113198E+00    2.121800
   2.080 -0.58613847E+00  0.34355830E+00  0.19406950E+00    2.163200
   2.100 -0.58433974E+00  0.34145293E+00  0.19717722E+00    2.205000
   2.120 -0.58193579E+00  0.33864926E+00  0.20047118E+00    2.247200
   2.140 -0.57894874E+00  0.33518165E+00  0.20396964E+00    2.289800
   2.160 -0.57540133E+00  0.33108669E+00  0.20769348E+00    2.332800
   2.180 -0.57131675E+00  0.32640283E+00  0.21166669E+00    2.376200
   2.200 -0.56671867E+00  0.32117005E+00  0.21591699E+00    2.420000
   2.220 -0.56163106E+00  0.31542945E+00  0.22047663E+00    2.464200
   2.240 -0.55607817E+00  0.30922293E+00  0.22538336E+00    2.508800
   2.260 -0.55008444E+00  0.30259289E+00  0.23068175E+00    2.553800
   2.280 -0.54367441E+00  0.29558186E+00  0.23642477E+00    2.599200
   2.300 -0.53687267E+00  0.28823227E+00  0.24267600E+00    2.645000
   2.320 -0.52970380E+00  0.28058612E+00  0.24951255E+00    2.691200
   2.340 -0.52219227E+00  0.27268477E+00  0.25702891E+00    2.737800
   2.360 -0.51436240E+00  0.26456868E+00  0.26534240E+00    2.784800
   2.380 -0.50623829E+00  0.25627721E+00  0.27460078E+00    2.832200
   2.400 -0.49784379E+00  0.24784844E+00  0.28499316E+00    2.880000
   2.420 -0.48920241E+00  0.23931900E+00  0.29676621E+00    2.928200
   2.440 -0.48033730E+00  0.23072392E+00  0.31024882E+00    2.976800
   2.460 -0.47127118E+00  0.22209653E+00  0.32589096E+00    3.025800
   2.480 -0.46202632E+00  0.21346832E+00  0.34432782E+00    3.075200
   2.500 -0.45262448E+00  0.20486892E+00  0.36649083E+00    3.125000
   2.520 -0.44308688E+00  0.19632598E+00  0.39381268E+00    3.175200
   2.540 -0.43343417E+00  0.18786518E+00  0.42863745E+00    3.225800
   2.560 -0.42368640E+00  0.17951017E+00  0.47513288E+00    3.276800
   2.580 -0.41386300E+00  0.17128258E+00  0.54164194E+00    3.328200
   2.600 -0.40398273E+00  0.16320205E+00  0.64825955E+00    3.380000
   2.620 -0.39406369E+00  0.15528619E+00  0.86301902E+00    3.432200
   2.640 -0.38412328E+00  0.14755070E+00  0.18326518E+01    3.484800
   2.660 -0.37417821E+00  0.14000933E+00  0.00000000E+00    3.537800
   2.680 -0.36423314E+00  0.13266578E+00  0.00000000E+00    3.591200
   2.700 -0.35431464E+00  0.12553887E+00  0.00000000E+00    3.645000
   2.720 -0.34443724E+00  0.11863702E+00  0.00000000E+00    3.699200
   2.740 -0.33461473E+00  0.11196702E+00  0.00000000E+00    3.753800
   2.760 -0.32486016E+00  0.10553412E+00  0.00000000E+00    3.808800
   2.780 -0.31518583E+00  0.99342106E-01  0.00000000E+00    3.864200
   2.800 -0.30560332E+00  0.93393392E-01  0.00000000E+00    3.920000
   2.820 -0.29612349E+00  0.87689124E-01  0.00000000E+00    3.976200
   2.840 -0.28675647E+00  0.82229271E-01  0.00000000E+00    4.032800
   2.860 -0.27751166E+00  0.77012720E-01  0.00000000E+00    4.089800
   2.880 -0.26839778E+00  0.72037367E-01  0.00000000E+00    4.147200
   2.900 -0.25942285E+00  0.67300216E-01  0.00000000E+00    4.205000
   2.920 -0.25059423E+00  0.62797468E-01  0.00000000E+00    4.263200
   2.940 -0.24191860E+00  0.58524609E-01  0.00000000E+00    4.321800
   2.960 -0.23340201E+00  0.54476497E-01  0.00000000E+00    4.380800
   2.980 -0.22504987E+00  0.50647442E-01  0.00000000E+00    4.440200
   3.000 -0.21686699E+00  0.47031290E-01  0.00000000E+00    4.500000
   3.020 -0.20885759E+00  0.43621493E-01  0.00000000E+00    4.560200
   3.040 -0.20102533E+00  0.40411183E-01  0.00000000E+00    4.620800
   3.060 -0.19337331E+00  0.37393236E-01  0.00000000E+00    4.681800
   3.080 -0.18590410E+00  0.34560333E-01  0.00000000E+00    4.743200
   3.100 -0.17861977E+00  0.31905022E-01  0.00000000E+00    4.805000
   3.120 -0.17152191E+00  0.29419767E-01  0.00000000E+00    4.867200
   3.140 -0.16461165E+00  0.27096997E-01  0.00000000E+00    4.929800
   3.160 -0.15788968E+00  0.24929150E-01  0.00000000E+00    4.992800
   3.180 -0.15135625E+00  0.22908715E-01  0.00000000E+00    5.056200
   3.200 -0.14501126E+00  0.21028264E-01  0.00000000E+00    5.120000
   3.220 -0.13885419E+00  0.19280486E-01  0.00000000E+00    5.184200
   3.240 -0.13288420E+00  0.17658212E-01  0.00000000E+00    5.248800
   3.260 -0.12710013E+00  0.16154442E-01  0.00000000E+00    5.313800
   3.280 -0.12150047E+00  0.14762365E-01  0.00000000E+00    5.379200
   3.300 -0.11608348E+00  0.13475374E-01  0.00000000E+00    5.445000
   3.320 -0.11084711E+00  0.12287082E-01  0.00000000E+00    5.511200
   3.340 -0.10578909E+00  0.11191331E-01  0.00000000E+00    5.577800
   3.360 -0.10090691E+00  0.10182205E-01  0.00000000E+00    5.644800
   3.380 -0.96197882E-01  0.92540326E-02  0.00000000E+00    5.712200
   3.400 -0.91659100E-01  0.84013906E-02  0.00000000E+00    5.780000
   3.420 -0.87287507E-01  0.76191089E-02  0.00000000E+00    5.848200
   3.440 -0.83079892E-01  0.69022685E-02  0.00000000E+00    5.916800
   3.460 -0.79032912E-01  0.62462012E-02  0.00000000E+00    5.985800
   3.480 -0.75143105E-01  0.56464862E-02  0.00000000E+00    6.055200
   3.500 -0.71406907E-01  0.50989464E-02  0.00000000E+00    6.125000
   3.520 -0.67820670E-01  0.45996433E-02  0.00000000E+00    6.195200
   3.540 -0.64380672E-01  0.41448710E-02  0.00000000E+00    6.265800
   3.560 -0.61083133E-01  0.37311491E-02  0.00000000E+00    6.336800
   3.580 -0.57924225E-01  0.33552159E-02  0.00000000E+00    6.408200
   3.600 -0.54900090E-01  0.30140199E-02  0.00000000E+00    6.480000
   3.620 -0.52006845E-01  0.27047119E-02  0.00000000E+00    6.552200
   3.640 -0.49240596E-01  0.24246363E-02  0.00000000E+00    6.624800
   3.660 -0.46597451E-01  0.21713224E-02  0.00000000E+00    6.697800
   3.680 -0.44073522E-01  0.19424753E-02  0.00000000E+00    6.771200
   3.700 -0.41664941E-01  0.17359673E-02  0.00000000E+00    6.845000
   3.720 -0.39367866E-01  0.15498289E-02  0.00000000E+00    6.919200
   3.740 -0.37178486E-01  0.13822398E-02  0.00000000E+00    6.993800
   3.760 -0.35093031E-01  0.12315208E-02  0.00000000E+00    7.068800
   3.780 -0.33107779E-01  0.10961250E-02  0.00000000E+00    7.144200
   3.800 -0.31219058E-01  0.97462961E-03  0.00000000E+00    7.220000
   3.820 -0.29423256E-01  0.86572800E-03  0.00000000E+00    7.296200
   3.840 -0.27716822E-01  0.76822220E-03  0.00000000E+00    7.372800
   3.860 -0.26096271E-01  0.68101537E-03  0.00000000E+00    7.449800
   3.880 -0.24558191E-01  0.60310476E-03  0.00000000E+00    7.527200
   3.900 -0.23099242E-01  0.53357500E-03  0.00000000E+00    7.605000
   3.920 -0.21716162E-01  0.47159170E-03  0.00000000E+00    7.683200
   3.940 -0.20405767E-01  0.41639531E-03  0.00000000E+00    7.761800
   3.960 -0.19164954E-01  0.36729546E-03  0.00000000E+00    7.840800
   3.980 -0.17990704E-01  0.32366544E-03  0.00000000E+00    7.920200
   4.000 -0.16880083E-01  0.28493720E-03  0.00000000E+00    8.000000
   4.020 -0.15830240E-01  0.25059649E-03  0.00000000E+00    8.080200
   4.040 -0.14838411E-01  0.22017844E-03  0.00000000E+00    8.160800
   4.060 -0.13901919E-01  0.19326336E-03  0.00000000E+00    8.241800
   4.080 -0.13018173E-01  0.16947283E-03  0.00000000E+00    8.323200
   4.100 -0.12184667E-01  0.14846612E-03  0.00000000E+00    8.405000
   4.120 -0.11398984E-01  0.12993683E-03  0.00000000E+00    8.487200
   4.140 -0.10658788E-01  0.11360977E-03  0.00000000E+00    8.569800
   4.160 -0.99618320E-02  0.99238096E-04  0.00000000E+00    8.652800
   4.180 -0.93059492E-02  0.86600691E-04  0.00000000E+00    8.736200
   4.200 -0.86890571E-02  0.75499713E-04  0.00000000E+00    8.820000
   4.220 -0.81091537E-02  0.65758373E-04  0.00000000E+00    8.904200
   4.240 -0.75643169E-02  0.57218891E-04  0.00000000E+00    8.988800
   4.260 -0.70527031E-02  0.49740621E-04  0.00000000E+00    9.073800
   4.280 -0.65725450E-02  0.43198348E-04  0.00000000E+00    9.159200
   4.300 -0.61221504E-02  0.37480725E-04  0.00000000E+00    9.245000
   4.320 -0.56999002E-02  0.32488862E-04  0.00000000E+00    9.331200
   4.340 -0.53042465E-02  0.28135031E-04  0.00000000E+00    9.417800
   4.360 -0.49337109E-02  0.24341503E-04  0.00000000E+00    9.504800
   4.380 -0.45868823E-02  0.21039490E-04  0.00000000E+00    9.592200
   4.400 -0.42624152E-02  0.18168183E-04  0.00000000E+00    9.680000
   4.420 -0.39590273E-02  0.15673897E-04  0.00000000E+00    9.768200
   4.440 -0.36754978E-02  0.13509284E-04  0.00000000E+00    9.856800
   4.460 -0.34106652E-02  0.11632637E-04  0.00000000E+00    9.945800
   4.480 -0.31634254E-02  0.10007260E-04  0.00000000E+00   10.035200
   4.500 -0.29327294E-02  0.86009018E-05  0.00000000E+00   10.125000
   4.520 -0.27175817E-02  0.73852502E-05  0.00000000E+00   10.215200
   4.540 -0.25170378E-02  0.63354793E-05  0.00000000E+00   10.305800
   4.560 -0.23302027E-02  0.54298444E-05  0.00000000E+00   10.396800
   4.580 -0.21562284E-02  0.46493211E-05  0.00000000E+00   10.488200
   4.600 -0.19943127E-02  0.39772833E-05  0.00000000E+00   10.580000
   4.620 -0.18436966E-02  0.33992172E-05  0.00000000E+00   10.672200
   4.640 -0.17036628E-02  0.29024671E-05  0.00000000E+00   10.764800
   4.660 -0.15735339E-02  0.24760090E-05  0.00000000E+00   10.857800
   4.680 -0.14526705E-02  0.21102516E-05  0.00000000E+00   10.951200
   4.700 -0.13404695E-02  0.17968586E-05  0.00000000E+00   11.045000
   4.720 -0.12363626E-02  0.15285925E-05  0.00000000E+00   11.139200
   4.740 -0.11398144E-02  0.12991768E-05  0.00000000E+00   11.233800
   4.760 -0.10503209E-02  0.11031740E-05  0.00000000E+00   11.328800
   4.780 -0.96740817E-03  0.93587857E-06  0.00000000E+00   11.424200
   4.800 -0.89063061E-03  0.79322288E-06  0.00000000E+00   11.520000
   4.820 -0.81956962E-03  0.67169436E-06  0.00000000E+00   11.616200
   4.840 -0.75383222E-03  0.56826301E-06  0.00000000E+00   11.712800
   4.860 -0.69304972E-03  0.48031792E-06  0.00000000E+00   11.809800
   4.880 -0.63687644E-03  0.40561160E-06  0.00000000E+00   11.907200
   4.900 -0.58498847E-03  0.34221151E-06  0.00000000E+00   12.005000
   4.920 -0.53708247E-03  0.28845758E-06  0.00000000E+00   12.103200
   4.940 -0.49287460E-03  0.24292537E-06  0.00000000E+00   12.201800
   4.960 -0.45209937E-03  0.20439384E-06  0.00000000E+00   12.300800
   4.980 -0.41450865E-03  0.17181742E-06  0.00000000E+00   12.400200
   5.000 -0.37987066E-03  0.14430172E-06  0.00000000E+00   12.500000
   5.020 -0.34796900E-03  0.12108243E-06  0.00000000E+00   12.600200
   5.040 -0.31860181E-03  0.10150712E-06  0.00000000E+00   12.700800
   5.060 -0.29158086E-03  0.85019398E-07  0.00000000E+00   12.801800
   5.080 -0.26673074E-03  0.71145289E-07  0.00000000E+00   12.903200
   5.100 -0.24388811E-03  0.59481410E-07  0.00000000E+00   13.005000
   5.120 -0.22290093E-03  0.49684824E-07  0.00000000E+00   13.107200
   5.140 -0.20362778E-03  0.41464271E-07  0.00000000E+00   13.209800
   5.160 -0.18593718E-03  0.34572636E-07  0.00000000E+00   13.312800
   5.180 -0.16970700E-03  0.28800466E-07  0.00000000E+00   13.416200
   5.200 -0.15482380E-03  0.23970411E-07  0.00000000E+00   13.520000
   5.220 -0.14118234E-03  0.19932453E-07  0.00000000E+00   13.624200
   5.240 -0.12868498E-03  0.16559824E-07  0.00000000E+00   13.728800
   5.260 -0.11724123E-03  0.13745506E-07  0.00000000E+00   13.833800
   5.280 -0.10676725E-03  0.11399246E-07  0.00000000E+00   13.939200
   5.300 -0.97185431E-04  0.94450079E-08  0.00000000E+00   14.045000
   5.320 -0.88423930E-04  0.78187915E-08  0.00000000E+00   14.151200
   5.340 -0.80416321E-04  0.64667847E-08  0.00000000E+00   14.257800
   5.360 -0.73101197E-04  0.53437850E-08  0.00000000E+00   14.364800
   5.380 -0.66421831E-04  0.44118597E-08  0.00000000E+00   14.472200
   5.400 -0.60325849E-04  0.36392081E-08  0.00000000E+00   14.580000
   5.420 -0.54764918E-04  0.29991963E-08  0.00000000E+00   14.688200
   5.440 -0.49694464E-04  0.24695397E-08  0.00000000E+00   14.796800
   5.460 -0.45073398E-04  0.20316112E-08  0.00000000E+00   14.905800
   5.480 -0.40863868E-04  0.16698557E-08  0.00000000E+00   15.015200
   5.500 -0.37031022E-04  0.13712966E-08  0.00000000E+00   15.125000
   5.520 -0.33542784E-04  0.11251183E-08  0.00000000E+00   15.235200
   5.540 -0.30369655E-04  0.92231596E-09  0.00000000E+00   15.345800
   5.560 -0.27484518E-04  0.75539871E-09  0.00000000E+00   15.456800
   5.580 -0.24862456E-04  0.61814170E-09  0.00000000E+00   15.568200
   5.600 -0.22480591E-04  0.50537696E-09  0.00000000E+00   15.680000
   5.620 -0.20317925E-04  0.41281809E-09  0.00000000E+00   15.792200
   5.640 -0.18355198E-04  0.33691330E-09  0.00000000E+00   15.904800
   5.660 -0.16574751E-04  0.27472239E-09  0.00000000E+00   16.017800
   5.680 -0.14960404E-04  0.22381370E-09  0.00000000E+00   16.131200
   5.700 -0.13497339E-04  0.18217815E-09  0.00000000E+00   16.245000
   5.720 -0.12171990E-04  0.14815735E-09  0.00000000E+00   16.359200
   5.740 -0.10971950E-04  0.12038369E-09  0.00000000E+00   16.473800
   5.760 -0.98858716E-05  0.97730458E-10  0.00000000E+00   16.588800
   5.780 -0.89033848E-05  0.79270262E-10  0.00000000E+00   16.704200
   5.800 -0.80150179E-05  0.64240511E-10  0.00000000E+00   16.820000
   5.820 -0.72121233E-05  0.52014723E-10  0.00000000E+00   16.936200
   5.840 -0.64868107E-05  0.42078712E-10  0.00000000E+00   17.052800
   5.860 -0.58318837E-05  0.34010867E-10  0.00000000E+00   17.169800
   5.880 -0.52407828E-05  0.27465804E-10  0.00000000E+00   17.287200
   5.900 -0.47075319E-05  0.22160857E-10  0.00000000E+00   17.405000
   5.920 -0.42266891E-05  0.17864901E-10  0.00000000E+00   17.523200
   5.940 -0.37933017E-05  0.14389137E-10  0.00000000E+00   17.641800
   5.960 -0.34028642E-05  0.11579485E-10  0.00000000E+00   17.760800
   5.980 -0.30512805E-05  0.93103129E-11  0.00000000E+00   17.880200
   6.000 -0.27348282E-05  0.74792854E-11  0.00000000E+00   18.000000
   6.020 -0.24501263E-05  0.60031191E-11  0.00000000E+00   18.120200
   6.040 -0.21941056E-05  0.48140995E-11  0.00000000E+00   18.240800
   6.060 -0.19639812E-05  0.38572220E-11  0.00000000E+00   18.361800
   6.080 -0.17572274E-05  0.30878480E-11  0.00000000E+00   18.483200
   6.100 -0.15715549E-05  0.24697848E-11  0.00000000E+00   18.605000
   6.120 -0.14048897E-05  0.19737150E-11  0.00000000E+00   18.727200
   6.140 -0.12553536E-05  0.15759126E-11  0.00000000E+00   18.849800
   6.160 -0.11212467E-05  0.12571942E-11  0.00000000E+00   18.972800
   6.180 -0.10010314E-05  0.10020638E-11  0.00000000E+00   19.096200
   6.200 -0.89331719E-06  0.79801561E-12  0.00000000E+00   19.220000
   6.220 -0.79684764E-06  0.63496615E-12  0.00000000E+00   19.344200
   6.240 -0.71048773E-06  0.50479281E-12  0.00000000E+00   19.468800
   6.260 -0.63321278E-06  0.40095842E-12  0.00000000E+00   19.593800
   6.280 -0.56409813E-06  0.31820670E-12  0.00000000E+00   19.719200
   6.300 -0.50230979E-06  0.25231512E-12  0.00000000E+00   19.845000
   6.320 -0.44709593E-06  0.19989477E-12  0.00000000E+00   19.971200
   6.340 -0.39777912E-06  0.15822823E-12  0.00000000E+00   20.097800
   6.360 -0.35374926E-06  0.12513854E-12  0.00000000E+00   20.224800
   6.380 -0.31445715E-06  0.98883299E-13  0.00000000E+00   20.352200
   6.400 -0.27940867E-06  0.78069207E-13  0.00000000E+00   20.480000
   6.420 -0.24815947E-06  0.61583125E-13  0.00000000E+00   20.608200
   6.440 -0.22031015E-06  0.48536560E-13  0.00000000E+00   20.736800
   6.460 -0.19550186E-06  0.38220976E-13  0.00000000E+00   20.865800
   6.480 -0.17341239E-06  0.30071855E-13  0.00000000E+00   20.995200
   6.500 -0.15375253E-06  0.23639840E-13  0.00000000E+00   21.125000
   6.520 -0.13626284E-06  0.18567562E-13  0.00000000E+00   21.255200
   6.540 -0.12071069E-06  0.14571070E-13  0.00000000E+00   21.385800
   6.560 -0.10688757E-06  0.11424952E-13  0.00000000E+00   21.516800
   6.580 -0.94606710E-07  0.89504296E-14  0.00000000E+00   21.648200
   6.600 -0.83700885E-07  0.70058381E-14  0.00000000E+00   21.780000
   6.620 -0.74020430E-07  0.54790240E-14  0.00000000E+00   21.912200
   6.640 -0.65431471E-07  0.42812774E-14  0.00000000E+00   22.044800
   6.660 -0.57814314E-07  0.33424949E-14  0.00000000E+00   22.177800
   6.680 -0.51061992E-07  0.26073271E-14  0.00000000E+00   22.311200
   6.700 -0.45078963E-07  0.20321129E-14  0.00000000E+00   22.445000
   6.720 -0.39779921E-07  0.15824421E-14  0.00000000E+00   22.579200
   6.740 -0.35088747E-07  0.12312202E-14  0.00000000E+00   22.713800
   6.760 -0.30937542E-07  0.95713151E-15  0.00000000E+00   22.848800
   6.780 -0.27265775E-07  0.74342247E-15  0.00000000E+00   22.984200
   6.800 -0.24019504E-07  0.57693658E-15  0.00000000E+00   23.120000
   6.820 -0.21150687E-07  0.44735155E-15  0.00000000E+00   23.256200
   6.840 -0.18616551E-07  0.34657598E-15  0.00000000E+00   23.392800
   6.860 -0.16379037E-07  0.26827286E-15  0.00000000E+00   23.529800
   6.880 -0.14404294E-07  0.20748368E-15  0.00000000E+00   23.667200
   6.900 -0.12662228E-07  0.16033201E-15  0.00000000E+00   23.805000
   6.920 -0.11126098E-07  0.12379005E-15  0.00000000E+00   23.943200
   6.940 -0.97721538E-08  0.95494989E-16  0.00000000E+00   24.081800
   6.960 -0.85793122E-08  0.73604598E-16  0.00000000E+00   24.220800
   6.980 -0.75288644E-08  0.56683799E-16  0.00000000E+00   24.360200
   7.000 -0.66042175E-08  0.43615689E-16  0.00000000E+00   24.500000
   7.020 -0.57906621E-08  0.33531768E-16  0.00000000E+00   24.640200
   7.040 -0.50751644E-08  0.25757293E-16  0.00000000E+00   24.780800
   7.060 -0.44461805E-08  0.19768521E-16  0.00000000E+00   24.921800
   7.080 -0.38934916E-08  0.15159277E-16  0.00000000E+00   25.063200
   7.100 -0.34080552E-08  0.11614840E-16  0.00000000E+00   25.205000
   7.120 -0.29818740E-08  0.88915728E-17  0.00000000E+00   25.347200
   7.140 -0.26078784E-08  0.68010296E-17  0.00000000E+00   25.489800
   7.160 -0.22798212E-08  0.51975849E-17  0.00000000E+00   25.632800
   7.180 -0.19921854E-08  0.39688027E-17  0.00000000E+00   25.776200
   7.200 -0.17401002E-08  0.30279488E-17  0.00000000E+00   25.920000
   7.220 -0.15192680E-08  0.23081753E-17  0.00000000E+00   26.064200
   7.240 -0.13258983E-08  0.17580062E-17  0.00000000E+00   26.208800
   7.260 -0.11566495E-08  0.13378380E-17  0.00000000E+00   26.353800
   7.280 -0.10085771E-08  0.10172278E-17  0.00000000E+00   26.499200
   7.300 -0.87908798E-09  0.77279567E-18  0.00000000E+00   26.645000
   7.320 -0.76589898E-09  0.58660124E-18  0.00000000E+00   26.791200
   7.340 -0.66700121E-09  0.44489062E-18  0.00000000E+00   26.937800
   7.360 -0.58062777E-09  0.33712860E-18  0.00000000E+00   27.084800
   7.380 -0.50522529E-09  0.25525259E-18  0.00000000E+00   27.232200
   7.400 -0.43942881E-09  0.19309768E-18  0.00000000E+00   27.380000
   7.420 -0.38203943E-09  0.14595413E-18  0.00000000E+00   27.528200
   7.440 -0.33200462E-09  0.11022707E-18  0.00000000E+00   27.676800
   7.460 -0.28840076E-09  0.83174997E-19  0.00000000E+00   27.825800
   7.480 -0.25041772E-09  0.62709034E-19  0.00000000E+00   27.975200
   7.500 -0.21734525E-09  0.47238960E-19  0.00000000E+00   28.125000
   7.520 -0.18856095E-09  0.35555234E-19  0.00000000E+00   28.275200
   7.540 -0.16351964E-09  0.26738674E-19  0.00000000E+00   28.425800
   7.560 -0.14174401E-09  0.20091363E-19  0.00000000E+00   28.576800
   7.580 -0.12281634E-09  0.15083852E-19  0.00000000E+00   28.728200
   7.600 -0.10637126E-09  0.11314844E-19  0.00000000E+00   28.880000
   7.620 -0.92089307E-10  0.84804405E-20  0.00000000E+00   29.032200
   7.640 -0.79691307E-10  0.63507044E-20  0.00000000E+00   29.184800
   7.660 -0.68933379E-10  0.47518107E-20  0.00000000E+00   29.337800
   7.680 -0.59602587E-10  0.35524684E-20  0.00000000E+00   29.491200
   7.700 -0.51513093E-10  0.26535988E-20  0.00000000E+00   29.645000
   7.720 -0.44502784E-10  0.19804978E-20  0.00000000E+00   29.799200
   7.740 -0.38430303E-10  0.14768882E-20  0.00000000E+00   29.953800
   7.760 -0.33172451E-10  0.11004115E-20  0.00000000E+00   30.108800
   7.780 -0.28621902E-10  0.81921329E-21  0.00000000E+00   30.264200
   7.800 -0.24685200E-10  0.60935911E-21  0.00000000E+00   30.420000
   7.820 -0.21281003E-10  0.45288108E-21  0.00000000E+00   30.576200
   7.840 -0.18338544E-10  0.33630219E-21  0.00000000E+00   30.732800
   7.860 -0.15796286E-10  0.24952265E-21  0.00000000E+00   30.889800
   7.880 -0.13600740E-10  0.18498013E-21  0.00000000E+00   31.047200
   7.900 -0.11705435E-10  0.13701721E-21  0.00000000E+00   31.205000
   7.920 -0.10070014E-10  0.10140519E-21  0.00000000E+00   31.363200
   7.940 -0.86594474E-11  0.74986029E-22  0.00000000E+00   31.521800
   7.960 -0.74433403E-11  0.55403315E-22  0.00000000E+00   31.680800
   7.980 -0.63953339E-11  0.40900296E-22  0.00000000E+00   31.840200
   8.000 -0.54925785E-11  0.30168418E-22  0.00000000E+00   32.000000
   8.020 -0.47152753E-11  0.22233821E-22  0.00000000E+00   32.160200
   8.040 -0.40462772E-11  0.16372359E-22  0.00000000E+00   32.320800
   8.060 -0.34707396E-11  0.12046034E-22  0.00000000E+00   32.481800
   8.080 -0.29758177E-11  0.88554907E-23  0.00000000E+00   32.643200
   8.100 -0.25504013E-11  0.65045465E-23  0.00000000E+00   32.805000
   8.120 -0.21848854E-11  0.47737244E-23  0.00000000E+00   32.967200
   8.140 -0.18709700E-11  0.35005289E-23  0.00000000E+00   33.129800
   8.160 -0.16014856E-11  0.25647562E-23  0.00000000E+00   33.292800
   8.180 -0.13702422E-11  0.18775637E-23  0.00000000E+00   33.456200
   8.200 -0.11718979E-11  0.13733446E-23  0.00000000E+00   33.620000
   8.220 -0.10018446E-11  0.10036926E-23  0.00000000E+00   33.784200
   8.240 -0.85610924E-12  0.73292302E-24  0.00000000E+00   33.948800
   8.260 -0.73126746E-12  0.53475210E-24  0.00000000E+00   34.113800
   8.280 -0.62436940E-12  0.38983715E-24  0.00000000E+00   34.279200
   8.300 -0.53287496E-12  0.28395572E-24  0.00000000E+00   34.445000
   8.320 -0.45459786E-12  0.20665921E-24  0.00000000E+00   34.611200
   8.340 -0.38765721E-12  0.15027812E-24  0.00000000E+00   34.777800
   8.360 -0.33043558E-12  0.10918768E-24  0.00000000E+00   34.944800
   8.380 -0.28154268E-12  0.79266282E-25  0.00000000E+00   35.112200
   8.400 -0.23978401E-12  0.57496369E-25  0.00000000E+00   35.280000
   8.420 -0.20413372E-12  0.41670575E-25  0.00000000E+00   35.448200
   8.440 -0.17371123E-12  0.30175591E-25  0.00000000E+00   35.616800
   8.460 -0.14776095E-12  0.21833299E-25  0.00000000E+00   35.785800
   8.480 -0.12563486E-12  0.15784118E-25  0.00000000E+00   35.955200
   8.500 -0.10677740E-12  0.11401414E-25  0.00000000E+00   36.125000
   8.520 -0.90712535E-13  0.82287640E-26  0.00000000E+00   36.295200
   8.540 -0.77032511E-13  0.59340077E-26  0.00000000E+00   36.465800
   8.560 -0.65388238E-13  0.42756216E-26  0.00000000E+00   36.636800
   8.580 -0.55480975E-13  0.30781385E-26  0.00000000E+00   36.808200
   8.600 -0.47055179E-13  0.22141899E-26  0.00000000E+00   36.980000
   8.620 -0.39892359E-13  0.15914003E-26  0.00000000E+00   37.152200
   8.640 -0.33805782E-13  0.11428309E-26  0.00000000E+00   37.324800
   8.660 -0.28635928E-13  0.82001638E-27  0.00000000E+00   37.497800
   8.680 -0.24246585E-13  0.58789690E-27  0.00000000E+00   37.671200
   8.700 -0.20521494E-13  0.42113173E-27  0.00000000E+00   37.845000
   8.720 -0.17361470E-13  0.30142064E-27  0.00000000E+00   38.019200
   8.740 -0.14681930E-13  0.21555908E-27  0.00000000E+00   38.193800
   8.760 -0.12410778E-13  0.15402741E-27  0.00000000E+00   38.368800
   8.780 -0.10486585E-13  0.10996845E-27  0.00000000E+00   38.544200
   8.800 -0.88570352E-14  0.78447072E-28  0.00000000E+00   38.720000
   8.820 -0.74775953E-14  0.55914432E-28  0.00000000E+00   38.896200
   8.840 -0.63103706E-14  0.39820777E-28  0.00000000E+00   39.072800
   8.860 -0.53231306E-14  0.28335719E-28  0.00000000E+00   39.249800
   8.880 -0.44884744E-14  0.20146402E-28  0.00000000E+00   39.427200
   8.900 -0.37831172E-14  0.14311976E-28  0.00000000E+00   39.605000
   8.920 -0.31872805E-14  0.10158757E-28  0.00000000E+00   39.783200
   8.940 -0.26841715E-14  0.72047765E-29  0.00000000E+00   39.961800
   8.960 -0.22595384E-14  0.51055139E-29  0.00000000E+00   40.140800
   8.980 -0.19012917E-14  0.36149100E-29  0.00000000E+00   40.320200
   9.000 -0.15991799E-14  0.25573764E-29  0.00000000E+00   40.500000
   9.020 -0.13445146E-14  0.18077194E-29  0.00000000E+00   40.680200
   9.040 -0.11299347E-14  0.12767523E-29  0.00000000E+00   40.860800
   9.060 -0.94920672E-15  0.90099341E-30  0.00000000E+00   41.041800
   9.080 -0.79705442E-15  0.63529575E-30  0.00000000E+00   41.223200
   9.100 -0.66901348E-15  0.44757903E-30  0.00000000E+00   41.405000
   9.120 -0.56130836E-15  0.31506707E-30  0.00000000E+00   41.587200
   9.140 -0.47074740E-15  0.22160311E-30  0.00000000E+00   41.769800
   9.160 -0.39463368E-15  0.15573575E-30  0.00000000E+00   41.952800
   9.180 -0.33068935E-15  0.10935545E-30  0.00000000E+00   42.136200
   9.200 -0.27699130E-15  0.76724182E-31  0.00000000E+00   42.320000
   9.220 -0.23191665E-15  0.53785335E-31  0.00000000E+00   42.504200
   9.240 -0.19409648E-15  0.37673442E-31  0.00000000E+00   42.688800
   9.260 -0.16237654E-15  0.26366141E-31  0.00000000E+00   42.873800
   9.280 -0.13578408E-15  0.18437317E-31  0.00000000E+00   43.059200
   9.300 -0.11349962E-15  0.12882163E-31  0.00000000E+00   43.245000
   9.320 -0.94833085E-16  0.89933141E-32  0.00000000E+00   43.431200
   9.340 -0.79203670E-16  0.62732214E-32  0.00000000E+00   43.617800
   9.360 -0.66122711E-16  0.43722129E-32  0.00000000E+00   43.804800
   9.380 -0.55179258E-16  0.30447505E-32  0.00000000E+00   43.992200
   9.400 -0.46027866E-16  0.21185645E-32  0.00000000E+00   44.180000
   9.420 -0.38378276E-16  0.14728921E-32  0.00000000E+00   44.368200
   9.440 -0.31986706E-16  0.10231494E-32  0.00000000E+00   44.556800
   9.460 -0.26648495E-16  0.71014231E-33  0.00000000E+00   44.745800
   9.480 -0.22191901E-16  0.49248048E-33  0.00000000E+00   44.935200
   9.500 -0.18472866E-16  0.34124679E-33  0.00000000E+00   45.125000
   9.520 -0.15370607E-16  0.23625554E-33  0.00000000E+00   45.315200
   9.540 -0.12783895E-16  0.16342796E-33  0.00000000E+00   45.505800
   9.560 -0.10627930E-16  0.11295289E-33  0.00000000E+00   45.696800
   9.580 -0.88316998E-17  0.77998921E-34  0.00000000E+00   45.888200
   9.600 -0.73357662E-17  0.53813466E-34  0.00000000E+00   46.080000
   9.620 -0.60903958E-17  0.37092921E-34  0.00000000E+00   46.272200
   9.640 -0.50539928E-17  0.25542844E-34  0.00000000E+00   46.464800
   9.660 -0.41917805E-17  0.17571023E-34  0.00000000E+00   46.657800
   9.680 -0.34746925E-17  0.12073488E-34  0.00000000E+00   46.851200
   9.700 -0.28784433E-17  0.82854356E-35  0.00000000E+00   47.045000
   9.720 -0.23827458E-17  0.56774775E-35  0.00000000E+00   47.239200
   9.740 -0.19706563E-17  0.38834863E-35  0.00000000E+00   47.433800
   9.760 -0.16280236E-17  0.26504608E-35  0.00000000E+00   47.628800
   9.780 -0.13430268E-17  0.18037210E-35  0.00000000E+00   47.824200
   9.800 -0.11057874E-17  0.12227658E-35  0.00000000E+00   48.020000
   9.820 -0.90804353E-18  0.82454305E-36  0.00000000E+00   48.216200
   9.840 -0.74287559E-18  0.55186413E-36  0.00000000E+00   48.412800
   9.860 -0.60447565E-18  0.36539081E-36  0.00000000E+00   48.609800
   9.880 -0.48795249E-18  0.23809764E-36  0.00000000E+00   48.807200
   9.900 -0.38916638E-18  0.15145047E-36  0.00000000E+00   49.005000
   9.920 -0.30458824E-18  0.92773997E-37  0.00000000E+00   49.203200
   9.940 -0.23117863E-18  0.53443557E-37  0.00000000E+00   49.401800
   9.960 -0.16628249E-18  0.27649865E-37  0.00000000E+00   49.600800
   9.980 -0.10753624E-18  0.11564044E-37  0.00000000E+00   49.800200
  10.000 -0.52784001E-19  0.27861507E-38  0.00000000E+00   50.000000


