#   x         y(x)            y(x)^2      classical p(x)    V
 -10.000  0.42334684E-19  0.17922254E-38  0.00000000E+00   50.000000
  -9.985  0.85602424E-19  0.73277750E-38  0.00000000E+00   49.846272
  -9.969  0.13075111E-18  0.17095851E-37  0.00000000E+00   49.692781
  -9.954  0.17876350E-18  0.31956389E-37  0.00000000E+00   49.539527
  -9.938  0.23067833E-18  0.53212490E-37  0.00000000E+00   49.386509
  -9.923  0.28761224E-18  0.82720803E-37  0.00000000E+00   49.233728
  -9.908  0.35078324E-18  0.12304888E-36  0.00000000E+00   49.081183
  -9.892  0.42153588E-18  0.17769250E-36  0.00000000E+00   48.928876
  -9.877  0.50136894E-18  0.25137082E-36  0.00000000E+00   48.776805
  -9.862  0.59196595E-18  0.35042369E-36  0.00000000E+00   48.624970
  -9.846  0.69522930E-18  0.48334378E-36  0.00000000E+00   48.473373
  -9.831  0.81331849E-18  0.66148697E-36  0.00000000E+00   48.322012
  -9.815  0.94869335E-18  0.90001907E-36  0.00000000E+00   48.170888
  -9.800  0.11041629E-17  0.12191758E-35  0.00000000E+00   48.020000
  -9.785  0.12829412E-17  0.16459382E-35  0.00000000E+00   47.869349
  -9.769  0.14887104E-17  0.22162588E-35  0.00000000E+00   47.718935
  -9.754  0.17256932E-17  0.29780171E-35  0.00000000E+00   47.568757
  -9.738  0.19987353E-17  0.39949428E-35  0.00000000E+00   47.418817
  -9.723  0.23133997E-17  0.53518180E-35  0.00000000E+00   47.269112
  -9.708  0.26760745E-17  0.71613750E-35  0.00000000E+00   47.119645
  -9.692  0.30940966E-17  0.95734339E-35  0.00000000E+00   46.970414
  -9.677  0.35758922E-17  0.12787005E-34  0.00000000E+00   46.821420
  -9.662  0.41311388E-17  0.17066308E-34  0.00000000E+00   46.672663
  -9.646  0.47709495E-17  0.22761959E-34  0.00000000E+00   46.524142
  -9.631  0.55080847E-17  0.30338997E-34  0.00000000E+00   46.375858
  -9.615  0.63571937E-17  0.40413911E-34  0.00000000E+00   46.227811
  -9.600  0.73350909E-17  0.53803558E-34  0.00000000E+00   46.080000
  -9.585  0.84610723E-17  0.71589744E-34  0.00000000E+00   45.932426
  -9.569  0.97572767E-17  0.95204449E-34  0.00000000E+00   45.785089
  -9.554  0.11249099E-16  0.12654223E-33  0.00000000E+00   45.637988
  -9.538  0.12965662E-16  0.16810839E-33  0.00000000E+00   45.491124
  -9.523  0.14940356E-16  0.22321422E-33  0.00000000E+00   45.344497
  -9.508  0.17211453E-16  0.29623412E-33  0.00000000E+00   45.198107
  -9.492  0.19822815E-16  0.39294401E-33  0.00000000E+00   45.051953
  -9.477  0.22824691E-16  0.52096654E-33  0.00000000E+00   44.906036
  -9.462  0.26274638E-16  0.69035659E-33  0.00000000E+00   44.760355
  -9.446  0.30238562E-16  0.91437065E-33  0.00000000E+00   44.614911
  -9.431  0.34791918E-16  0.12104775E-32  0.00000000E+00   44.469704
  -9.415  0.40021062E-16  0.16016854E-32  0.00000000E+00   44.324734
  -9.400  0.46024810E-16  0.21182831E-32  0.00000000E+00   44.180000
  -9.385  0.52916200E-16  0.28001242E-32  0.00000000E+00   44.035503
  -9.369  0.60824510E-16  0.36996210E-32  0.00000000E+00   43.891243
  -9.354  0.69897552E-16  0.48856677E-32  0.00000000E+00   43.747219
  -9.338  0.80304285E-16  0.64487781E-32  0.00000000E+00   43.603432
  -9.323  0.92237794E-16  0.85078106E-32  0.00000000E+00   43.459882
  -9.308  0.10591868E-15  0.11218766E-31  0.00000000E+00   43.316568
  -9.292  0.12159890E-15  0.14786292E-31  0.00000000E+00   43.173491
  -9.277  0.13956618E-15  0.19478719E-31  0.00000000E+00   43.030651
  -9.262  0.16014899E-15  0.25647699E-31  0.00000000E+00   42.888047
  -9.246  0.18372222E-15  0.33753853E-31  0.00000000E+00   42.745680
  -9.231  0.21071361E-15  0.44400227E-31  0.00000000E+00   42.603550
  -9.215  0.24161114E-15  0.58375943E-31  0.00000000E+00   42.461657
  -9.200  0.27697129E-15  0.76713093E-31  0.00000000E+00   42.320000
  -9.185  0.31742853E-15  0.10076087E-30  0.00000000E+00   42.178580
  -9.169  0.36370610E-15  0.13228213E-30  0.00000000E+00   42.037396
  -9.154  0.41662815E-15  0.17357902E-30  0.00000000E+00   41.896450
  -9.138  0.47713363E-15  0.22765650E-30  0.00000000E+00   41.755740
  -9.123  0.54629197E-15  0.29843492E-30  0.00000000E+00   41.615266
  -9.108  0.62532094E-15  0.39102627E-30  0.00000000E+00   41.475030
  -9.092  0.71560682E-15  0.51209313E-30  0.00000000E+00   41.335030
  -9.077  0.81872738E-15  0.67031452E-30  0.00000000E+00   41.195266
  -9.062  0.93647778E-15  0.87699063E-30  0.00000000E+00   41.055740
  -9.046  0.10709001E-14  0.11468270E-29  0.00000000E+00   40.916450
  -9.031  0.12243166E-14  0.14989510E-29  0.00000000E+00   40.777396
  -9.015  0.13993675E-14  0.19582293E-29  0.00000000E+00   40.638580
  -9.000  0.15990539E-14  0.25569733E-29  0.00000000E+00   40.500000
  -8.985  0.18267860E-14  0.33371471E-29  0.00000000E+00   40.361657
  -8.969  0.20864380E-14  0.43532237E-29  0.00000000E+00   40.223550
  -8.954  0.23824102E-14  0.56758783E-29  0.00000000E+00   40.085680
  -8.938  0.27196987E-14  0.73967612E-29  0.00000000E+00   39.948047
  -8.923  0.31039753E-14  0.96346626E-29  0.00000000E+00   39.810651
  -8.908  0.35416766E-14  0.12543473E-28  0.00000000E+00   39.673491
  -8.892  0.40401055E-14  0.16322453E-28  0.00000000E+00   39.536568
  -8.877  0.46075460E-14  0.21229480E-28  0.00000000E+00   39.399882
  -8.862  0.52533917E-14  0.27598125E-28  0.00000000E+00   39.263432
  -8.846  0.59882927E-14  0.35859649E-28  0.00000000E+00   39.127219
  -8.831  0.68243197E-14  0.46571340E-28  0.00000000E+00   38.991243
  -8.815  0.77751506E-14  0.60452966E-28  0.00000000E+00   38.855503
  -8.800  0.88562799E-14  0.78433693E-28  0.00000000E+00   38.720000
  -8.785  0.10085256E-13  0.10171239E-27  0.00000000E+00   38.584734
  -8.769  0.11481948E-13  0.13183512E-27  0.00000000E+00   38.449704
  -8.754  0.13068846E-13  0.17079474E-27  0.00000000E+00   38.314911
  -8.738  0.14871403E-13  0.22115863E-27  0.00000000E+00   38.180355
  -8.723  0.16918414E-13  0.28623273E-27  0.00000000E+00   38.046036
  -8.708  0.19242449E-13  0.37027184E-27  0.00000000E+00   37.911953
  -8.692  0.21880337E-13  0.47874917E-27  0.00000000E+00   37.778107
  -8.677  0.24873714E-13  0.61870167E-27  0.00000000E+00   37.644497
  -8.662  0.28269636E-13  0.79917233E-27  0.00000000E+00   37.511124
  -8.646  0.32121271E-13  0.10317760E-26  0.00000000E+00   37.377988
  -8.631  0.36488678E-13  0.13314236E-26  0.00000000E+00   37.245089
  -8.615  0.41439684E-13  0.17172475E-26  0.00000000E+00   37.112426
  -8.600  0.47050867E-13  0.22137841E-26  0.00000000E+00   36.980000
  -8.585  0.53408660E-13  0.28524849E-26  0.00000000E+00   36.847811
  -8.569  0.60610600E-13  0.36736448E-26  0.00000000E+00   36.715858
  -8.554  0.68766720E-13  0.47288618E-26  0.00000000E+00   36.584142
  -8.538  0.78001123E-13  0.60841752E-26  0.00000000E+00   36.452663
  -8.523  0.88453740E-13  0.78240641E-26  0.00000000E+00   36.321420
  -8.508  0.10028231E-12  0.10056541E-25  0.00000000E+00   36.190414
  -8.492  0.11366460E-12  0.12919640E-25  0.00000000E+00   36.059645
  -8.477  0.12880089E-12  0.16589668E-25  0.00000000E+00   35.929112
  -8.462  0.14591677E-12  0.21291705E-25  0.00000000E+00   35.798817
  -8.446  0.16526630E-12  0.27312950E-25  0.00000000E+00   35.668757
  -8.431  0.18713546E-12  0.35019679E-25  0.00000000E+00   35.538935
  -8.415  0.21184613E-12  0.44878785E-25  0.00000000E+00   35.409349
  -8.400  0.23976052E-12  0.57485105E-25  0.00000000E+00   35.280000
  -8.385  0.27128603E-12  0.73596111E-25  0.00000000E+00   35.150888
  -8.369  0.30688088E-12  0.94175874E-25  0.00000000E+00   35.022012
  -8.354  0.34706022E-12  0.12045079E-24  0.00000000E+00   34.893373
  -8.338  0.39240310E-12  0.15398019E-24  0.00000000E+00   34.764970
  -8.323  0.44356023E-12  0.19674568E-24  0.00000000E+00   34.636805
  -8.308  0.50126264E-12  0.25126423E-24  0.00000000E+00   34.508876
  -8.292  0.56633135E-12  0.32073120E-24  0.00000000E+00   34.381183
  -8.277  0.63968827E-12  0.40920109E-24  0.00000000E+00   34.253728
  -8.262  0.72236830E-12  0.52181596E-24  0.00000000E+00   34.126509
  -8.246  0.81553284E-12  0.66509382E-24  0.00000000E+00   33.999527
  -8.231  0.92048496E-12  0.84729256E-24  0.00000000E+00   33.872781
  -8.215  0.10386863E-11  0.10788691E-23  0.00000000E+00   33.746272
  -8.200  0.11717757E-11  0.13730584E-23  0.00000000E+00   33.620000
  -8.185  0.13215909E-11  0.17466024E-23  0.00000000E+00   33.493964
  -8.169  0.14901910E-11  0.22206693E-23  0.00000000E+00   33.368166
  -8.154  0.16798837E-11  0.28220094E-23  0.00000000E+00   33.242604
  -8.138  0.18932539E-11  0.35844104E-23  0.00000000E+00   33.117278
  -8.123  0.21331964E-11  0.45505268E-23  0.00000000E+00   32.992189
  -8.108  0.24029522E-11  0.57741792E-23  0.00000000E+00   32.867337
  -8.092  0.27061490E-11  0.73232425E-23  0.00000000E+00   32.742722
  -8.077  0.30468464E-11  0.92832732E-23  0.00000000E+00   32.618343
  -8.062  0.34295858E-11  0.11762059E-22  0.00000000E+00   32.494201
  -8.046  0.38594465E-11  0.14895327E-22  0.00000000E+00   32.370296
  -8.031  0.43421077E-11  0.18853899E-22  0.00000000E+00   32.246627
  -8.015  0.48839178E-11  0.23852653E-22  0.00000000E+00   32.123195
  -8.000  0.54919715E-11  0.30161752E-22  0.00000000E+00   32.000000
  -7.985  0.61741954E-11  0.38120688E-22  0.00000000E+00   31.877041
  -7.969  0.69394426E-11  0.48155864E-22  0.00000000E+00   31.754320
  -7.954  0.77975995E-11  0.60802558E-22  0.00000000E+00   31.631834
  -7.938  0.87597025E-11  0.76732387E-22  0.00000000E+00   31.509586
  -7.923  0.98380689E-11  0.96787599E-22  0.00000000E+00   31.387574
  -7.908  0.11046442E-10  0.12202388E-21  0.00000000E+00   31.265799
  -7.892  0.12400152E-10  0.15376376E-21  0.00000000E+00   31.144260
  -7.877  0.13916294E-10  0.19366323E-21  0.00000000E+00   31.022959
  -7.862  0.15613928E-10  0.24379474E-21  0.00000000E+00   30.901893
  -7.846  0.17514297E-10  0.30675061E-21  0.00000000E+00   30.781065
  -7.831  0.19641073E-10  0.38577174E-21  0.00000000E+00   30.660473
  -7.815  0.22020624E-10  0.48490788E-21  0.00000000E+00   30.540118
  -7.800  0.24682318E-10  0.60921681E-21  0.00000000E+00   30.420000
  -7.785  0.27658851E-10  0.76501203E-21  0.00000000E+00   30.300118
  -7.769  0.30986618E-10  0.96017052E-21  0.00000000E+00   30.180473
  -7.754  0.34706121E-10  0.12045148E-20  0.00000000E+00   30.061065
  -7.738  0.38862414E-10  0.15102872E-20  0.00000000E+00   29.941893
  -7.723  0.43505609E-10  0.18927381E-20  0.00000000E+00   29.822959
  -7.708  0.48691428E-10  0.23708552E-20  0.00000000E+00   29.704260
  -7.692  0.54481808E-10  0.29682674E-20  0.00000000E+00   29.585799
  -7.677  0.60945582E-10  0.37143640E-20  0.00000000E+00   29.467574
  -7.662  0.68159226E-10  0.46456800E-20  0.00000000E+00   29.349586
  -7.646  0.76207680E-10  0.58076105E-20  0.00000000E+00   29.231834
  -7.631  0.85185266E-10  0.72565295E-20  0.00000000E+00   29.114320
  -7.615  0.95196691E-10  0.90624100E-20  0.00000000E+00   28.997041
  -7.600  0.10635816E-09  0.11312059E-19  0.00000000E+00   28.880000
  -7.585  0.11879862E-09  0.14113111E-19  0.00000000E+00   28.763195
  -7.569  0.13266107E-09  0.17598959E-19  0.00000000E+00   28.646627
  -7.554  0.14810412E-09  0.21934829E-19  0.00000000E+00   28.530296
  -7.538  0.16530359E-09  0.27325276E-19  0.00000000E+00   28.414201
  -7.523  0.18445435E-09  0.34023408E-19  0.00000000E+00   28.298343
  -7.508  0.20577234E-09  0.42342255E-19  0.00000000E+00   28.182722
  -7.492  0.22949673E-09  0.52668751E-19  0.00000000E+00   28.067337
  -7.477  0.25589243E-09  0.65480936E-19  0.00000000E+00   27.952189
  -7.462  0.28525269E-09  0.81369097E-19  0.00000000E+00   27.837278
  -7.446  0.31790211E-09  0.10106175E-18  0.00000000E+00   27.722604
  -7.431  0.35419988E-09  0.12545756E-18  0.00000000E+00   27.608166
  -7.415  0.39454334E-09  0.15566445E-18  0.00000000E+00   27.493964
  -7.400  0.43937192E-09  0.19304769E-18  0.00000000E+00   27.380000
  -7.385  0.48917149E-09  0.23928875E-18  0.00000000E+00   27.266272
  -7.369  0.54447908E-09  0.29645747E-18  0.00000000E+00   27.152781
  -7.354  0.60588816E-09  0.36710046E-18  0.00000000E+00   27.039527
  -7.338  0.67405434E-09  0.45434925E-18  0.00000000E+00   26.926509
  -7.323  0.74970170E-09  0.56205264E-18  0.00000000E+00   26.813728
  -7.308  0.83362975E-09  0.69493855E-18  0.00000000E+00   26.701183
  -7.292  0.92672100E-09  0.85881181E-18  0.00000000E+00   26.588876
  -7.277  0.10299494E-08  0.10607957E-17  0.00000000E+00   26.476805
  -7.262  0.11443893E-08  0.13096268E-17  0.00000000E+00   26.364970
  -7.246  0.12712258E-08  0.16160150E-17  0.00000000E+00   26.253373
  -7.231  0.14117656E-08  0.19930821E-17  0.00000000E+00   26.142012
  -7.215  0.15674491E-08  0.24568968E-17  0.00000000E+00   26.030888
  -7.200  0.17398637E-08  0.30271258E-17  0.00000000E+00   25.920000
  -7.185  0.19307583E-08  0.37278277E-17  0.00000000E+00   25.809349
  -7.169  0.21420592E-08  0.45884176E-17  0.00000000E+00   25.698935
  -7.154  0.23758874E-08  0.56448410E-17  0.00000000E+00   25.588757
  -7.138  0.26345780E-08  0.69410012E-17  0.00000000E+00   25.478817
  -7.123  0.29207006E-08  0.85304921E-17  0.00000000E+00   25.369112
  -7.108  0.32370826E-08  0.10478704E-16  0.00000000E+00   25.259645
  -7.092  0.35868337E-08  0.12865376E-16  0.00000000E+00   25.150414
  -7.077  0.39733735E-08  0.15787697E-16  0.00000000E+00   25.041420
  -7.062  0.44004613E-08  0.19364060E-16  0.00000000E+00   24.932663
  -7.046  0.48722286E-08  0.23738612E-16  0.00000000E+00   24.824142
  -7.031  0.53932147E-08  0.29086765E-16  0.00000000E+00   24.715858
  -7.015  0.59684056E-08  0.35621866E-16  0.00000000E+00   24.607811
  -7.000  0.66032767E-08  0.43603263E-16  0.00000000E+00   24.500000
  -6.985  0.73038386E-08  0.53346058E-16  0.00000000E+00   24.392426
  -6.969  0.80766881E-08  0.65232891E-16  0.00000000E+00   24.285089
  -6.954  0.89290634E-08  0.79728174E-16  0.00000000E+00   24.177988
  -6.938  0.98689039E-08  0.97395263E-16  0.00000000E+00   24.071124
  -6.923  0.10904916E-07  0.11891718E-15  0.00000000E+00   23.964497
  -6.908  0.12046643E-07  0.14512161E-15  0.00000000E+00   23.858107
  -6.892  0.13304547E-07  0.17701098E-15  0.00000000E+00   23.751953
  -6.877  0.14690090E-07  0.21579874E-15  0.00000000E+00   23.646036
  -6.862  0.16215825E-07  0.26295297E-15  0.00000000E+00   23.540355
  -6.846  0.17895501E-07  0.32024895E-15  0.00000000E+00   23.434911
  -6.831  0.19744169E-07  0.38983219E-15  0.00000000E+00   23.329704
  -6.815  0.21778301E-07  0.47429439E-15  0.00000000E+00   23.224734
  -6.800  0.24015922E-07  0.57676449E-15  0.00000000E+00   23.120000
  -6.785  0.26476746E-07  0.70101805E-15  0.00000000E+00   23.015503
  -6.769  0.29182332E-07  0.85160850E-15  0.00000000E+00   22.911243
  -6.754  0.32156250E-07  0.10340244E-14  0.00000000E+00   22.807219
  -6.738  0.35424259E-07  0.12548782E-14  0.00000000E+00   22.703432
  -6.723  0.39014505E-07  0.15221316E-14  0.00000000E+00   22.599882
  -6.708  0.42957731E-07  0.18453667E-14  0.00000000E+00   22.496568
  -6.692  0.47287509E-07  0.22361085E-14  0.00000000E+00   22.393491
  -6.677  0.52040490E-07  0.27082126E-14  0.00000000E+00   22.290651
  -6.662  0.57256673E-07  0.32783266E-14  0.00000000E+00   22.188047
  -6.646  0.62979703E-07  0.39664430E-14  0.00000000E+00   22.085680
  -6.631  0.69257184E-07  0.47965576E-14  0.00000000E+00   21.983550
  -6.615  0.76141028E-07  0.57974562E-14  0.00000000E+00   21.881657
  -6.600  0.83687828E-07  0.70036526E-14  0.00000000E+00   21.780000
  -6.585  0.91959260E-07  0.84565055E-14  0.00000000E+00   21.678580
  -6.569  0.10102252E-06  0.10205550E-13  0.00000000E+00   21.577396
  -6.554  0.11095081E-06  0.12310083E-13  0.00000000E+00   21.476450
  -6.538  0.12182384E-06  0.14841047E-13  0.00000000E+00   21.375740
  -6.523  0.13372836E-06  0.17883273E-13  0.00000000E+00   21.275266
  -6.508  0.14675880E-06  0.21538146E-13  0.00000000E+00   21.175030
  -6.492  0.16101791E-06  0.25926768E-13  0.00000000E+00   21.075030
  -6.477  0.17661743E-06  0.31193717E-13  0.00000000E+00   20.975266
  -6.462  0.19367887E-06  0.37511503E-13  0.00000000E+00   20.875740
  -6.446  0.21233430E-06  0.45085857E-13  0.00000000E+00   20.776450
  -6.431  0.23272729E-06  0.54161991E-13  0.00000000E+00   20.677396
  -6.415  0.25501377E-06  0.65032023E-13  0.00000000E+00   20.578580
  -6.400  0.27936313E-06  0.78043759E-13  0.00000000E+00   20.480000
  -6.385  0.30595929E-06  0.93611084E-13  0.00000000E+00   20.381657
  -6.369  0.33500188E-06  0.11222626E-12  0.00000000E+00   20.283550
  -6.354  0.36670755E-06  0.13447442E-12  0.00000000E+00   20.185680
  -6.338  0.40131133E-06  0.16105078E-12  0.00000000E+00   20.088047
  -6.323  0.43906813E-06  0.19278082E-12  0.00000000E+00   19.990651
  -6.308  0.48025433E-06  0.23064422E-12  0.00000000E+00   19.893491
  -6.292  0.52516950E-06  0.27580300E-12  0.00000000E+00   19.796568
  -6.277  0.57413827E-06  0.32963475E-12  0.00000000E+00   19.699882
  -6.262  0.62751229E-06  0.39377168E-12  0.00000000E+00   19.603432
  -6.246  0.68567242E-06  0.47014667E-12  0.00000000E+00   19.507219
  -6.231  0.74903099E-06  0.56104742E-12  0.00000000E+00   19.411243
  -6.215  0.81803426E-06  0.66918005E-12  0.00000000E+00   19.315503
  -6.200  0.89316514E-06  0.79774397E-12  0.00000000E+00   19.220000
  -6.185  0.97494599E-06  0.95051968E-12  0.00000000E+00   19.124734
  -6.169  0.10639417E-05  0.11319719E-11  0.00000000E+00   19.029704
  -6.154  0.11607628E-05  0.13473704E-11  0.00000000E+00   18.934911
  -6.138  0.12660695E-05  0.16029321E-11  0.00000000E+00   18.840355
  -6.123  0.13805748E-05  0.19059868E-11  0.00000000E+00   18.746036
  -6.108  0.15050489E-05  0.22651721E-11  0.00000000E+00   18.651953
  -6.092  0.16403235E-05  0.26906611E-11  0.00000000E+00   18.558107
  -6.077  0.17872964E-05  0.31944283E-11  0.00000000E+00   18.464497
  -6.062  0.19469365E-05  0.37905616E-11  0.00000000E+00   18.371124
  -6.046  0.21202890E-05  0.44956255E-11  0.00000000E+00   18.277988
  -6.031  0.23084814E-05  0.53290864E-11  0.00000000E+00   18.185089
  -6.015  0.25127291E-05  0.63138077E-11  0.00000000E+00   18.092426
  -6.000  0.27343424E-05  0.74766284E-11  0.00000000E+00   18.000000
  -5.985  0.29747330E-05  0.88490366E-11  0.00000000E+00   17.907811
  -5.969  0.32354219E-05  0.10467955E-10  0.00000000E+00   17.815858
  -5.954  0.35180468E-05  0.12376653E-10  0.00000000E+00   17.724142
  -5.938  0.38243710E-05  0.14625814E-10  0.00000000E+00   17.632663
  -5.923  0.41562924E-05  0.17274767E-10  0.00000000E+00   17.541420
  -5.908  0.45158528E-05  0.20392927E-10  0.00000000E+00   17.450414
  -5.892  0.49052486E-05  0.24061464E-10  0.00000000E+00   17.359645
  -5.877  0.53268413E-05  0.28375239E-10  0.00000000E+00   17.269112
  -5.862  0.57831698E-05  0.33445053E-10  0.00000000E+00   17.178817
  -5.846  0.62769623E-05  0.39400255E-10  0.00000000E+00   17.088757
  -5.831  0.68111497E-05  0.46391760E-10  0.00000000E+00   16.998935
  -5.815  0.73888798E-05  0.54595545E-10  0.00000000E+00   16.909349
  -5.800  0.80135324E-05  0.64216702E-10  0.00000000E+00   16.820000
  -5.785  0.86887351E-05  0.75494117E-10  0.00000000E+00   16.730888
  -5.769  0.94183801E-05  0.88705883E-10  0.00000000E+00   16.642012
  -5.754  0.10206643E-04  0.10417555E-09  0.00000000E+00   16.553373
  -5.738  0.11058000E-04  0.12227937E-09  0.00000000E+00   16.464970
  -5.723  0.11977252E-04  0.14345457E-09  0.00000000E+00   16.376805
  -5.708  0.12969542E-04  0.16820903E-09  0.00000000E+00   16.288876
  -5.692  0.14040382E-04  0.19713232E-09  0.00000000E+00   16.201183
  -5.677  0.15195672E-04  0.23090845E-09  0.00000000E+00   16.113728
  -5.662  0.16441733E-04  0.27033058E-09  0.00000000E+00   16.026509
  -5.646  0.17785328E-04  0.31631788E-09  0.00000000E+00   15.939527
  -5.631  0.19233694E-04  0.36993499E-09  0.00000000E+00   15.852781
  -5.615  0.20794574E-04  0.43241430E-09  0.00000000E+00   15.766272
  -5.600  0.22476245E-04  0.50518160E-09  0.00000000E+00   15.680000
  -5.585  0.24287558E-04  0.58988549E-09  0.00000000E+00   15.593964
  -5.569  0.26237970E-04  0.68843108E-09  0.00000000E+00   15.508166
  -5.554  0.28337585E-04  0.80301872E-09  0.00000000E+00   15.422604
  -5.538  0.30597193E-04  0.93618824E-09  0.00000000E+00   15.337278
  -5.523  0.33028316E-04  0.10908697E-08  0.00000000E+00   15.252189
  -5.508  0.35643249E-04  0.12704412E-08  0.00000000E+00   15.167337
  -5.492  0.38455113E-04  0.14787957E-08  0.00000000E+00   15.082722
  -5.477  0.41477902E-04  0.17204163E-08  0.00000000E+00   14.998343
  -5.462  0.44726537E-04  0.20004631E-08  0.00000000E+00   14.914201
  -5.446  0.48216924E-04  0.23248718E-08  0.00000000E+00   14.830296
  -5.431  0.51966013E-04  0.27004665E-08  0.00000000E+00   14.746627
  -5.415  0.55991858E-04  0.31350882E-08  0.00000000E+00   14.663195
  -5.400  0.60313688E-04  0.36377410E-08  0.00000000E+00   14.580000
  -5.385  0.64951971E-04  0.42187586E-08  0.00000000E+00   14.497041
  -5.369  0.69928491E-04  0.48899938E-08  0.00000000E+00   14.414320
  -5.354  0.75266421E-04  0.56650342E-08  0.00000000E+00   14.331834
  -5.338  0.80990410E-04  0.65594466E-08  0.00000000E+00   14.249586
  -5.323  0.87126661E-04  0.75910551E-08  0.00000000E+00   14.167574
  -5.308  0.93703024E-04  0.87802567E-08  0.00000000E+00   14.085799
  -5.292  0.10074909E-03  0.10150379E-07  0.00000000E+00   14.004260
  -5.277  0.10829628E-03  0.11728085E-07  0.00000000E+00   13.922959
  -5.262  0.11637798E-03  0.13543834E-07  0.00000000E+00   13.841893
  -5.246  0.12502959E-03  0.15632398E-07  0.00000000E+00   13.761065
  -5.231  0.13428870E-03  0.18033454E-07  0.00000000E+00   13.680473
  -5.215  0.14419516E-03  0.20792245E-07  0.00000000E+00   13.600118
  -5.200  0.15479126E-03  0.23960333E-07  0.00000000E+00   13.520000
  -5.185  0.16612178E-03  0.27596445E-07  0.00000000E+00   13.440118
  -5.169  0.17823420E-03  0.31767430E-07  0.00000000E+00   13.360473
  -5.154  0.19117881E-03  0.36549337E-07  0.00000000E+00   13.281065
  -5.138  0.20500886E-03  0.42028631E-07  0.00000000E+00   13.201893
  -5.123  0.21978070E-03  0.48303556E-07  0.00000000E+00   13.122959
  -5.108  0.23555399E-03  0.55485681E-07  0.00000000E+00   13.044260
  -5.092  0.25239181E-03  0.63701625E-07  0.00000000E+00   12.965799
  -5.077  0.27036088E-03  0.73095004E-07  0.00000000E+00   12.887574
  -5.062  0.28953172E-03  0.83828615E-07  0.00000000E+00   12.809586
  -5.046  0.30997884E-03  0.96086884E-07  0.00000000E+00   12.731834
  -5.031  0.33178098E-03  0.11007862E-06  0.00000000E+00   12.654320
  -5.015  0.35502124E-03  0.12604008E-06  0.00000000E+00   12.577041
  -5.000  0.37978737E-03  0.14423844E-06  0.00000000E+00   12.500000
  -4.985  0.40617195E-03  0.16497565E-06  0.00000000E+00   12.423195
  -4.969  0.43427264E-03  0.18859273E-06  0.00000000E+00   12.346627
  -4.954  0.46419243E-03  0.21547461E-06  0.00000000E+00   12.270296
  -4.938  0.49603985E-03  0.24605553E-06  0.00000000E+00   12.194201
  -4.923  0.52992928E-03  0.28082505E-06  0.00000000E+00   12.118343
  -4.908  0.56598119E-03  0.32033471E-06  0.00000000E+00   12.042722
  -4.892  0.60432243E-03  0.36520560E-06  0.00000000E+00   11.967337
  -4.877  0.64508649E-03  0.41613659E-06  0.00000000E+00   11.892189
  -4.862  0.68841386E-03  0.47391364E-06  0.00000000E+00   11.817278
  -4.846  0.73445226E-03  0.53942013E-06  0.00000000E+00   11.742604
  -4.831  0.78335703E-03  0.61364824E-06  0.00000000E+00   11.668166
  -4.815  0.83529140E-03  0.69771173E-06  0.00000000E+00   11.593964
  -4.800  0.89042689E-03  0.79286004E-06  0.00000000E+00   11.520000
  -4.785  0.94894358E-03  0.90049391E-06  0.00000000E+00   11.446272
  -4.769  0.10110305E-02  0.10221828E-05  0.00000000E+00   11.372781
  -4.754  0.10768862E-02  0.11596839E-05  0.00000000E+00   11.299527
  -4.738  0.11467186E-02  0.13149636E-05  0.00000000E+00   11.226509
  -4.723  0.12207461E-02  0.14902211E-05  0.00000000E+00   11.153728
  -4.708  0.12991973E-02  0.16879137E-05  0.00000000E+00   11.081183
  -4.692  0.13823120E-02  0.19107864E-05  0.00000000E+00   11.008876
  -4.677  0.14703410E-02  0.21619027E-05  0.00000000E+00   10.936805
  -4.662  0.15635473E-02  0.24446800E-05  0.00000000E+00   10.864970
  -4.646  0.16622057E-02  0.27629276E-05  0.00000000E+00   10.793373
  -4.631  0.17666039E-02  0.31208893E-05  0.00000000E+00   10.722012
  -4.615  0.18770428E-02  0.35232895E-05  0.00000000E+00   10.650888
  -4.600  0.19938367E-02  0.39753847E-05  0.00000000E+00   10.580000
  -4.585  0.21173141E-02  0.44830190E-05  0.00000000E+00   10.509349
  -4.569  0.22478181E-02  0.50526862E-05  0.00000000E+00   10.438935
  -4.554  0.23857068E-02  0.56915971E-05  0.00000000E+00   10.368757
  -4.538  0.25313540E-02  0.64077530E-05  0.00000000E+00   10.298817
  -4.523  0.26851494E-02  0.72100272E-05  0.00000000E+00   10.229112
  -4.508  0.28474994E-02  0.81082529E-05  0.00000000E+00   10.159645
  -4.492  0.30188277E-02  0.91133205E-05  0.00000000E+00   10.090414
  -4.477  0.31995753E-02  0.10237282E-04  0.00000000E+00   10.021420
  -4.462  0.33902019E-02  0.11493469E-04  0.00000000E+00    9.952663
  -4.446  0.35911854E-02  0.12896613E-04  0.00000000E+00    9.884142
  -4.431  0.38030235E-02  0.14462988E-04  0.00000000E+00    9.815858
  -4.415  0.40262334E-02  0.16210555E-04  0.00000000E+00    9.747811
  -4.400  0.42613528E-02  0.18159128E-04  0.00000000E+00    9.680000
  -4.385  0.45089404E-02  0.20330543E-04  0.00000000E+00    9.612426
  -4.369  0.47695762E-02  0.22748857E-04  0.00000000E+00    9.545089
  -4.354  0.50438624E-02  0.25440548E-04  0.00000000E+00    9.477988
  -4.338  0.53324238E-02  0.28434744E-04  0.00000000E+00    9.411124
  -4.323  0.56359082E-02  0.31763461E-04  0.00000000E+00    9.344497
  -4.308  0.59549870E-02  0.35461870E-04  0.00000000E+00    9.278107
  -4.292  0.62903560E-02  0.39568579E-04  0.00000000E+00    9.211953
  -4.277  0.66427355E-02  0.44125935E-04  0.00000000E+00    9.146036
  -4.262  0.70128710E-02  0.49180360E-04  0.00000000E+00    9.080355
  -4.246  0.74015339E-02  0.54782704E-04  0.00000000E+00    9.014911
  -4.231  0.78095215E-02  0.60988626E-04  0.00000000E+00    8.949704
  -4.215  0.82376579E-02  0.67859007E-04  0.00000000E+00    8.884734
  -4.200  0.86867943E-02  0.75460395E-04  0.00000000E+00    8.820000
  -4.185  0.91578094E-02  0.83865473E-04  0.00000000E+00    8.755503
  -4.169  0.96516097E-02  0.93153571E-04  0.00000000E+00    8.691243
  -4.154  0.10169130E-01  0.10341121E-03  0.00000000E+00    8.627219
  -4.138  0.10711335E-01  0.11473269E-03  0.00000000E+00    8.563432
  -4.123  0.11279215E-01  0.12722070E-03  0.00000000E+00    8.499882
  -4.108  0.11873794E-01  0.14098699E-03  0.00000000E+00    8.436568
  -4.092  0.12496123E-01  0.15615309E-03  0.00000000E+00    8.373491
  -4.077  0.13147282E-01  0.17285103E-03  0.00000000E+00    8.310651
  -4.062  0.13828384E-01  0.19122419E-03  0.00000000E+00    8.248047
  -4.046  0.14540568E-01  0.21142812E-03  0.00000000E+00    8.185680
  -4.031  0.15285007E-01  0.23363144E-03  0.00000000E+00    8.123550
  -4.015  0.16062903E-01  0.25801684E-03  0.00000000E+00    8.061657
  -4.000  0.16875486E-01  0.28478203E-03  0.00000000E+00    8.000000
  -3.985  0.17724020E-01  0.31414088E-03  0.00000000E+00    7.938580
  -3.969  0.18609796E-01  0.34632452E-03  0.00000000E+00    7.877396
  -3.954  0.19534137E-01  0.38158252E-03  0.00000000E+00    7.816450
  -3.938  0.20498395E-01  0.42018419E-03  0.00000000E+00    7.755740
  -3.923  0.21503950E-01  0.46241986E-03  0.00000000E+00    7.695266
  -3.908  0.22552212E-01  0.50860228E-03  0.00000000E+00    7.635030
  -3.892  0.23644621E-01  0.55906812E-03  0.00000000E+00    7.575030
  -3.877  0.24782643E-01  0.61417940E-03  0.00000000E+00    7.515266
  -3.862  0.25967772E-01  0.67432519E-03  0.00000000E+00    7.455740
  -3.846  0.27201529E-01  0.73992318E-03  0.00000000E+00    7.396450
  -3.831  0.28485461E-01  0.81142146E-03  0.00000000E+00    7.337396
  -3.815  0.29821139E-01  0.88930031E-03  0.00000000E+00    7.278580
  -3.800  0.31210159E-01  0.97407402E-03  0.00000000E+00    7.220000
  -3.785  0.32654141E-01  0.10662929E-02  0.00000000E+00    7.161657
  -3.769  0.34154724E-01  0.11665452E-02  0.00000000E+00    7.103550
  -3.754  0.35713572E-01  0.12754592E-02  0.00000000E+00    7.045680
  -3.738  0.37332363E-01  0.13937053E-02  0.00000000E+00    6.988047
  -3.723  0.39012798E-01  0.15219984E-02  0.00000000E+00    6.930651
  -3.708  0.40756589E-01  0.16610995E-02  0.00000000E+00    6.873491
  -3.692  0.42565466E-01  0.18118189E-02  0.00000000E+00    6.816568
  -3.677  0.44441171E-01  0.19750177E-02  0.00000000E+00    6.759882
  -3.662  0.46385456E-01  0.21516106E-02  0.00000000E+00    6.703432
  -3.646  0.48400081E-01  0.23425679E-02  0.00000000E+00    6.647219
  -3.631  0.50486814E-01  0.25489184E-02  0.00000000E+00    6.591243
  -3.615  0.52647424E-01  0.27717513E-02  0.00000000E+00    6.535503
  -3.600  0.54883685E-01  0.30122189E-02  0.00000000E+00    6.480000
  -3.585  0.57197367E-01  0.32715388E-02  0.00000000E+00    6.424734
  -3.569  0.59590238E-01  0.35509965E-02  0.00000000E+00    6.369704
  -3.554  0.62064059E-01  0.38519474E-02  0.00000000E+00    6.314911
  -3.538  0.64620578E-01  0.41758191E-02  0.00000000E+00    6.260355
  -3.523  0.67261535E-01  0.45241141E-02  0.00000000E+00    6.206036
  -3.508  0.69988650E-01  0.48984111E-02  0.00000000E+00    6.151953
  -3.492  0.72803624E-01  0.53003676E-02  0.00000000E+00    6.098107
  -3.477  0.75708135E-01  0.57317216E-02  0.00000000E+00    6.044497
  -3.462  0.78703833E-01  0.61942934E-02  0.00000000E+00    5.991124
  -3.446  0.81792339E-01  0.66899868E-02  0.00000000E+00    5.937988
  -3.431  0.84975237E-01  0.72207909E-02  0.00000000E+00    5.885089
  -3.415  0.88254071E-01  0.77887810E-02  0.00000000E+00    5.832426
  -3.400  0.91630343E-01  0.83961198E-02  0.00000000E+00    5.780000
  -3.385  0.95105507E-01  0.90450575E-02  0.00000000E+00    5.727811
  -3.369  0.98680963E-01  0.97379325E-02  0.00000000E+00    5.675858
  -3.354  0.10235805E+00  0.10477171E-01  0.00000000E+00    5.624142
  -3.338  0.10613806E+00  0.11265288E-01  0.00000000E+00    5.572663
  -3.323  0.11002220E+00  0.12104885E-01  0.00000000E+00    5.521420
  -3.308  0.11401161E+00  0.12998648E-01  0.00000000E+00    5.470414
  -3.292  0.11810736E+00  0.13949349E-01  0.00000000E+00    5.419645
  -3.277  0.12231043E+00  0.14959841E-01  0.00000000E+00    5.369112
  -3.262  0.12662170E+00  0.16033056E-01  0.00000000E+00    5.318817
  -3.246  0.13104199E+00  0.17172004E-01  0.00000000E+00    5.268757
  -3.231  0.13557199E+00  0.18379765E-01  0.00000000E+00    5.218935
  -3.215  0.14021229E+00  0.19659487E-01  0.00000000E+00    5.169349
  -3.200  0.14496339E+00  0.21014384E-01  0.00000000E+00    5.120000
  -3.185  0.14982564E+00  0.22447722E-01  0.00000000E+00    5.070888
  -3.169  0.15479929E+00  0.23962821E-01  0.00000000E+00    5.022012
  -3.154  0.15988446E+00  0.25563042E-01  0.00000000E+00    4.973373
  -3.138  0.16508114E+00  0.27251781E-01  0.00000000E+00    4.924970
  -3.123  0.17038915E+00  0.29032463E-01  0.00000000E+00    4.876805
  -3.108  0.17580820E+00  0.30908524E-01  0.00000000E+00    4.828876
  -3.092  0.18133784E+00  0.32883410E-01  0.00000000E+00    4.781183
  -3.077  0.18697743E+00  0.34960560E-01  0.00000000E+00    4.733728
  -3.062  0.19272621E+00  0.37143392E-01  0.00000000E+00    4.686509
  -3.046  0.19858322E+00  0.39435296E-01  0.00000000E+00    4.639527
  -3.031  0.20454734E+00  0.41839614E-01  0.00000000E+00    4.592781
  -3.015  0.21061725E+00  0.44359627E-01  0.00000000E+00    4.546272
  -3.000  0.21679146E+00  0.46998539E-01  0.00000000E+00    4.500000
  -2.985  0.22306828E+00  0.49759458E-01  0.00000000E+00    4.453964
  -2.969  0.22944582E+00  0.52645383E-01  0.00000000E+00    4.408166
  -2.954  0.23592197E+00  0.55659177E-01  0.00000000E+00    4.362604
  -2.938  0.24249445E+00  0.58803557E-01  0.00000000E+00    4.317278
  -2.923  0.24916072E+00  0.62081064E-01  0.00000000E+00    4.272189
  -2.908  0.25591805E+00  0.65494048E-01  0.00000000E+00    4.227337
  -2.892  0.26276347E+00  0.69044643E-01  0.00000000E+00    4.182722
  -2.877  0.26969380E+00  0.72734746E-01  0.00000000E+00    4.138343
  -2.862  0.27670560E+00  0.76565990E-01  0.00000000E+00    4.094201
  -2.846  0.28379521E+00  0.80539724E-01  0.00000000E+00    4.050296
  -2.831  0.29095873E+00  0.84656985E-01  0.00000000E+00    4.006627
  -2.815  0.29819201E+00  0.88918477E-01  0.00000000E+00    3.963195
  -2.800  0.30549066E+00  0.93324541E-01  0.00000000E+00    3.920000
  -2.785  0.31285001E+00  0.97875131E-01  0.00000000E+00    3.877041
  -2.769  0.32026519E+00  0.10256979E+00  0.00000000E+00    3.834320
  -2.754  0.32773103E+00  0.10740763E+00  0.00000000E+00    3.791834
  -2.738  0.33524212E+00  0.11238728E+00  0.00000000E+00    3.749586
  -2.723  0.34279280E+00  0.11750691E+00  0.00000000E+00    3.707574
  -2.708  0.35037714E+00  0.12276414E+00  0.00000000E+00    3.665799
  -2.692  0.35798896E+00  0.12815610E+00  0.00000000E+00    3.624260
  -2.677  0.36562182E+00  0.13367932E+00  0.00000000E+00    3.582959
  -2.662  0.37326902E+00  0.13932976E+00  0.00000000E+00    3.541893
  -2.646  0.38092359E+00  0.14510278E+00  0.00000000E+00    3.501065
  -2.631  0.38857817E+00  0.15099299E+00  0.11904463E+01    3.460473
  -2.615  0.39622546E+00  0.15699461E+00  0.83737368E+00    3.420118
  -2.600  0.40385774E+00  0.16310107E+00  0.68320075E+00    3.380000
  -2.585  0.41146706E+00  0.16930514E+00  0.59188552E+00    3.340118
  -2.569  0.41904523E+00  0.17559890E+00  0.52982867E+00    3.300473
  -2.554  0.42658379E+00  0.18197373E+00  0.48416714E+00    3.261065
  -2.538  0.43407409E+00  0.18842032E+00  0.44877535E+00    3.221893
  -2.523  0.44150723E+00  0.19492863E+00  0.42031623E+00    3.182959
  -2.508  0.44887408E+00  0.20148794E+00  0.39679639E+00    3.144260
  -2.492  0.45616534E+00  0.20808681E+00  0.37694208E+00    3.105799
  -2.477  0.46337145E+00  0.21471310E+00  0.35989637E+00    3.067574
  -2.462  0.47048270E+00  0.22135397E+00  0.34505871E+00    3.029586
  -2.446  0.47748917E+00  0.22799591E+00  0.33199412E+00    2.991834
  -2.431  0.48438076E+00  0.23462472E+00  0.32037877E+00    2.954320
  -2.415  0.49114722E+00  0.24122560E+00  0.30996594E+00    2.917041
  -2.400  0.49777814E+00  0.24778307E+00  0.30056395E+00    2.880000
  -2.385  0.50426295E+00  0.25428112E+00  0.29202129E+00    2.843195
  -2.369  0.51059097E+00  0.26070314E+00  0.28421643E+00    2.806627
  -2.354  0.51675140E+00  0.26703200E+00  0.27705060E+00    2.770296
  -2.338  0.52273332E+00  0.27325012E+00  0.27044260E+00    2.734201
  -2.323  0.52852574E+00  0.27933946E+00  0.26432495E+00    2.698343
  -2.308  0.53411759E+00  0.28528160E+00  0.25864106E+00    2.662722
  -2.292  0.53949774E+00  0.29105781E+00  0.25334310E+00    2.627337
  -2.277  0.54465503E+00  0.29664910E+00  0.24839029E+00    2.592189
  -2.262  0.54957827E+00  0.30203627E+00  0.24374764E+00    2.557278
  -2.246  0.55425625E+00  0.30719999E+00  0.23938493E+00    2.522604
  -2.231  0.55867780E+00  0.31212088E+00  0.23527590E+00    2.488166
  -2.215  0.56283175E+00  0.31677958E+00  0.23139763E+00    2.453964
  -2.200  0.56670703E+00  0.32115685E+00  0.22772999E+00    2.420000
  -2.185  0.57029258E+00  0.32523363E+00  0.22425521E+00    2.386272
  -2.169  0.57357749E+00  0.32899113E+00  0.22095757E+00    2.352781
  -2.154  0.57655091E+00  0.33241096E+00  0.21782310E+00    2.319527
  -2.138  0.57920218E+00  0.33547516E+00  0.21483929E+00    2.286509
  -2.123  0.58152074E+00  0.33816637E+00  0.21199496E+00    2.253728
  -2.108  0.58349626E+00  0.34046788E+00  0.20928005E+00    2.221183
  -2.092  0.58511857E+00  0.34236374E+00  0.20668550E+00    2.188876
  -2.077  0.58637775E+00  0.34383886E+00  0.20420311E+00    2.156805
  -2.062  0.58726411E+00  0.34487914E+00  0.20182543E+00    2.124970
  -2.046  0.58776825E+00  0.34547152E+00  0.19954571E+00    2.093373
  -2.031  0.58788105E+00  0.34560412E+00  0.19735777E+00    2.062012
  -2.015  0.58759370E+00  0.34526635E+00  0.19525598E+00    2.030888
  -2.000  0.58689775E+00  0.34444897E+00  0.19323519E+00    2.000000
  -1.985  0.58578510E+00  0.34314418E+00  0.19129066E+00    1.969349
  -1.969  0.58424804E+00  0.34134577E+00  0.18941803E+00    1.938935
  -1.954  0.58227928E+00  0.33904917E+00  0.18761330E+00    1.908757
  -1.938  0.57987196E+00  0.33625149E+00  0.18587275E+00    1.878817
  -1.923  0.57701968E+00  0.33295171E+00  0.18419297E+00    1.849112
  -1.908  0.57371650E+00  0.32915062E+00  0.18257078E+00    1.819645
  -1.892  0.56995702E+00  0.32485100E+00  0.18100323E+00    1.790414
  -1.877  0.56573633E+00  0.32005759E+00  0.17948760E+00    1.761420
  -1.862  0.56105009E+00  0.31477720E+00  0.17802133E+00    1.732663
  -1.846  0.55589452E+00  0.30901872E+00  0.17660206E+00    1.704142
  -1.831  0.55026643E+00  0.30279315E+00  0.17522756E+00    1.675858
  -1.815  0.54416324E+00  0.29611363E+00  0.17389578E+00    1.647811
  -1.800  0.53758300E+00  0.28899548E+00  0.17260477E+00    1.620000
  -1.785  0.53052439E+00  0.28145613E+00  0.17135273E+00    1.592426
  -1.769  0.52298679E+00  0.27351518E+00  0.17013795E+00    1.565089
  -1.754  0.51497022E+00  0.26519433E+00  0.16895883E+00    1.537988
  -1.738  0.50647543E+00  0.25651736E+00  0.16781388E+00    1.511124
  -1.723  0.49750386E+00  0.24751009E+00  0.16670168E+00    1.484497
  -1.708  0.48805769E+00  0.23820031E+00  0.16562090E+00    1.458107
  -1.692  0.47813984E+00  0.22861771E+00  0.16457030E+00    1.431953
  -1.677  0.46775398E+00  0.21879379E+00  0.16354867E+00    1.406036
  -1.662  0.45690453E+00  0.20876175E+00  0.16255492E+00    1.380355
  -1.646  0.44559670E+00  0.19855642E+00  0.16158797E+00    1.354911
  -1.631  0.43383647E+00  0.18821408E+00  0.16064684E+00    1.329704
  -1.615  0.42163059E+00  0.17777236E+00  0.15973058E+00    1.304734
  -1.600  0.40898664E+00  0.16727007E+00  0.15883828E+00    1.280000
  -1.585  0.39591295E+00  0.15674706E+00  0.15796910E+00    1.255503
  -1.569  0.38241868E+00  0.14624404E+00  0.15712222E+00    1.231243
  -1.554  0.36851377E+00  0.13580240E+00  0.15629689E+00    1.207219
  -1.538  0.35420896E+00  0.12546399E+00  0.15549238E+00    1.183432
  -1.523  0.33951580E+00  0.11527098E+00  0.15470798E+00    1.159882
  -1.508  0.32444660E+00  0.10526560E+00  0.15394305E+00    1.136568
  -1.492  0.30901448E+00  0.95489949E-01  0.15319694E+00    1.113491
  -1.477  0.29323333E+00  0.85985787E-01  0.15246907E+00    1.090651
  -1.462  0.27711781E+00  0.76794279E-01  0.15175886E+00    1.068047
  -1.446  0.26068332E+00  0.67955794E-01  0.15106577E+00    1.045680
  -1.431  0.24394603E+00  0.59509668E-01  0.15038927E+00    1.023550
  -1.415  0.22692283E+00  0.51493972E-01  0.14972887E+00    1.001657
  -1.400  0.20963132E+00  0.43945290E-01  0.14908410E+00    0.980000
  -1.385  0.19208979E+00  0.36898489E-01  0.14845450E+00    0.958580
  -1.369  0.17431723E+00  0.30386498E-01  0.14783964E+00    0.937396
  -1.354  0.15633327E+00  0.24440090E-01  0.14723909E+00    0.916450
  -1.338  0.13815816E+00  0.19087676E-01  0.14665247E+00    0.895740
  -1.323  0.11981278E+00  0.14355101E-01  0.14607940E+00    0.875266
  -1.308  0.10131858E+00  0.10265454E-01  0.14551949E+00    0.855030
  -1.292  0.82697568E-01  0.68388877E-02  0.14497242E+00    0.835030
  -1.277  0.63972273E-01  0.40924517E-02  0.14443784E+00    0.815266
  -1.262  0.45165716E-01  0.20399419E-02  0.14391542E+00    0.795740
  -1.246  0.26301376E-01  0.69176239E-03  0.14340486E+00    0.776450
  -1.231  0.74031601E-02  0.54806780E-04  0.14290587E+00    0.757396
  -1.215 -0.11504638E-01  0.13235670E-03  0.14241815E+00    0.738580
  -1.200 -0.30397371E-01  0.92400019E-03  0.14194143E+00    0.720000
  -1.185 -0.49250080E-01  0.24255704E-02  0.14147545E+00    0.701657
  -1.169 -0.68037529E-01  0.46291054E-02  0.14101995E+00    0.683550
  -1.154 -0.86734253E-01  0.75228307E-02  0.14057470E+00    0.665680
  -1.138 -0.10531459E+00  0.11091164E-01  0.14013945E+00    0.648047
  -1.123 -0.12375275E+00  0.15314743E-01  0.13971398E+00    0.630651
  -1.108 -0.14202281E+00  0.20170478E-01  0.13929807E+00    0.613491
  -1.092 -0.16009881E+00  0.25631629E-01  0.13889152E+00    0.596568
  -1.077 -0.17795477E+00  0.31667901E-01  0.13849412E+00    0.579882
  -1.062 -0.19556475E+00  0.38245573E-01  0.13810567E+00    0.563432
  -1.046 -0.21290289E+00  0.45327643E-01  0.13772600E+00    0.547219
  -1.031 -0.22994346E+00  0.52873996E-01  0.13735491E+00    0.531243
  -1.015 -0.24666090E+00  0.60841601E-01  0.13699224E+00    0.515503
  -1.000 -0.26302989E+00  0.69184722E-01  0.13663782E+00    0.500000
  -0.985 -0.27902537E+00  0.77855156E-01  0.13629148E+00    0.484734
  -0.969 -0.29462262E+00  0.86802485E-01  0.13595307E+00    0.469704
  -0.954 -0.30979727E+00  0.95974350E-01  0.13562244E+00    0.454911
  -0.938 -0.32452541E+00  0.10531674E+00  0.13529945E+00    0.440355
  -0.923 -0.33878356E+00  0.11477430E+00  0.13498394E+00    0.426036
  -0.908 -0.35254879E+00  0.12429065E+00  0.13467580E+00    0.411953
  -0.892 -0.36579871E+00  0.13380870E+00  0.13437488E+00    0.398107
  -0.877 -0.37851157E+00  0.14327101E+00  0.13408107E+00    0.384497
  -0.862 -0.39066626E+00  0.15262013E+00  0.13379423E+00    0.371124
  -0.846 -0.40224239E+00  0.16179894E+00  0.13351425E+00    0.357988
  -0.831 -0.41322032E+00  0.17075103E+00  0.13324102E+00    0.345089
  -0.815 -0.42358119E+00  0.17942102E+00  0.13297443E+00    0.332426
  -0.800 -0.43330700E+00  0.18775495E+00  0.13271438E+00    0.320000
  -0.785 -0.44238062E+00  0.19570061E+00  0.13246075E+00    0.307811
  -0.769 -0.45078584E+00  0.20320787E+00  0.13221345E+00    0.295858
  -0.754 -0.45850741E+00  0.21022905E+00  0.13197239E+00    0.284142
  -0.738 -0.46553109E+00  0.21671919E+00  0.13173748E+00    0.272663
  -0.723 -0.47184364E+00  0.22263642E+00  0.13150862E+00    0.261420
  -0.708 -0.47743293E+00  0.22794220E+00  0.13128573E+00    0.250414
  -0.692 -0.48228789E+00  0.23260161E+00  0.13106873E+00    0.239645
  -0.677 -0.48639861E+00  0.23658361E+00  0.13085753E+00    0.229112
  -0.662 -0.48975631E+00  0.23986124E+00  0.13065206E+00    0.218817
  -0.646 -0.49235341E+00  0.24241188E+00  0.13045225E+00    0.208757
  -0.631 -0.49418354E+00  0.24421737E+00  0.13025802E+00    0.198935
  -0.615 -0.49524154E+00  0.24526418E+00  0.13006931E+00    0.189349
  -0.600 -0.49552352E+00  0.24554356E+00  0.12988604E+00    0.180000
  -0.585 -0.49502684E+00  0.24505158E+00  0.12970816E+00    0.170888
  -0.569 -0.49375016E+00  0.24378922E+00  0.12953559E+00    0.162012
  -0.554 -0.49169340E+00  0.24176240E+00  0.12936829E+00    0.153373
  -0.538 -0.48885781E+00  0.23898196E+00  0.12920619E+00    0.144970
  -0.523 -0.48524594E+00  0.23546362E+00  0.12904925E+00    0.136805
  -0.508 -0.48086165E+00  0.23122792E+00  0.12889739E+00    0.128876
  -0.492 -0.47571010E+00  0.22630010E+00  0.12875058E+00    0.121183
  -0.477 -0.46979780E+00  0.22070997E+00  0.12860877E+00    0.113728
  -0.462 -0.46313254E+00  0.21449175E+00  0.12847190E+00    0.106509
  -0.446 -0.45572341E+00  0.20768383E+00  0.12833994E+00    0.099527
  -0.431 -0.44758082E+00  0.20032859E+00  0.12821283E+00    0.092781
  -0.415 -0.43871644E+00  0.19247211E+00  0.12809054E+00    0.086272
  -0.400 -0.42914321E+00  0.18416390E+00  0.12797303E+00    0.080000
  -0.385 -0.41887533E+00  0.17545654E+00  0.12786026E+00    0.073964
  -0.369 -0.40792823E+00  0.16640544E+00  0.12775219E+00    0.068166
  -0.354 -0.39631853E+00  0.15706837E+00  0.12764879E+00    0.062604
  -0.338 -0.38406405E+00  0.14750519E+00  0.12755002E+00    0.057278
  -0.323 -0.37118375E+00  0.13777738E+00  0.12745586E+00    0.052189
  -0.308 -0.35769774E+00  0.12794768E+00  0.12736627E+00    0.047337
  -0.292 -0.34362720E+00  0.11807965E+00  0.12728123E+00    0.042722
  -0.277 -0.32899437E+00  0.10823730E+00  0.12720070E+00    0.038343
  -0.262 -0.31382252E+00  0.98484574E-01  0.12712467E+00    0.034201
  -0.246 -0.29813588E+00  0.88885004E-01  0.12705310E+00    0.030296
  -0.231 -0.28195964E+00  0.79501240E-01  0.12698599E+00    0.026627
  -0.215 -0.26531988E+00  0.70394636E-01  0.12692330E+00    0.023195
  -0.200 -0.24824351E+00  0.61624838E-01  0.12686502E+00    0.020000
  -0.185 -0.23075826E+00  0.53249374E-01  0.12681112E+00    0.017041
  -0.169 -0.21289261E+00  0.45323264E-01  0.12676160E+00    0.014320
  -0.154 -0.19467574E+00  0.37898644E-01  0.12671644E+00    0.011834
  -0.138 -0.17613747E+00  0.31024408E-01  0.12667561E+00    0.009586
  -0.123 -0.15730822E+00  0.24745875E-01  0.12663912E+00    0.007574
  -0.108 -0.13821894E+00  0.19104475E-01  0.12660695E+00    0.005799
  -0.092 -0.11890108E+00  0.14137466E-01  0.12657909E+00    0.004260
  -0.077 -0.99386488E-01  0.98776740E-02  0.12655553E+00    0.002959
  -0.062 -0.79707400E-01  0.63532696E-02  0.12653626E+00    0.001893
  -0.046 -0.59896345E-01  0.35875721E-02  0.12652128E+00    0.001065
  -0.031 -0.39986098E-01  0.15988880E-02  0.12651058E+00    0.000473
  -0.015 -0.20009622E-01  0.40038497E-03  0.12650416E+00    0.000118
   0.000  0.00000000E+00  0.00000000E+00  0.12650203E+00    0.000000
   0.015  0.20009622E-01  0.40038497E-03  0.12650416E+00    0.000118
   0.031  0.39986098E-01  0.15988880E-02  0.12651058E+00    0.000473
   0.046  0.59896345E-01  0.35875721E-02  0.12652128E+00    0.001065
   0.062  0.79707400E-01  0.63532696E-02  0.12653626E+00    0.001893
   0.077  0.99386488E-01  0.98776740E-02  0.12655553E+00    0.002959
   0.092  0.11890108E+00  0.14137466E-01  0.12657909E+00    0.004260
   0.108  0.13821894E+00  0.19104475E-01  0.12660695E+00    0.005799
   0.123  0.15730822E+00  0.24745875E-01  0.12663912E+00    0.007574
   0.138  0.17613747E+00  0.31024408E-01  0.12667561E+00    0.009586
   0.154  0.19467574E+00  0.37898644E-01  0.12671644E+00    0.011834
   0.169  0.21289261E+00  0.45323264E-01  0.12676160E+00    0.014320
   0.185  0.23075826E+00  0.53249374E-01  0.12681112E+00    0.017041
   0.200  0.24824351E+00  0.61624838E-01  0.12686502E+00    0.020000
   0.215  0.26531988E+00  0.70394636E-01  0.12692330E+00    0.023195
   0.231  0.28195964E+00  0.79501240E-01  0.12698599E+00    0.026627
   0.246  0.29813588E+00  0.88885004E-01  0.12705310E+00    0.030296
   0.262  0.31382252E+00  0.98484574E-01  0.12712467E+00    0.034201
   0.277  0.32899437E+00  0.10823730E+00  0.12720070E+00    0.038343
   0.292  0.34362720E+00  0.11807965E+00  0.12728123E+00    0.042722
   0.308  0.35769774E+00  0.12794768E+00  0.12736627E+00    0.047337
   0.323  0.37118375E+00  0.13777738E+00  0.12745586E+00    0.052189
   0.338  0.38406405E+00  0.14750519E+00  0.12755002E+00    0.057278
   0.354  0.39631853E+00  0.15706837E+00  0.12764879E+00    0.062604
   0.369  0.40792823E+00  0.16640544E+00  0.12775219E+00    0.068166
   0.385  0.41887533E+00  0.17545654E+00  0.12786026E+00    0.073964
   0.400  0.42914321E+00  0.18416390E+00  0.12797303E+00    0.080000
   0.415  0.43871644E+00  0.19247211E+00  0.12809054E+00    0.086272
   0.431  0.44758082E+00  0.20032859E+00  0.12821283E+00    0.092781
   0.446  0.45572341E+00  0.20768383E+00  0.12833994E+00    0.099527
   0.462  0.46313254E+00  0.21449175E+00  0.12847190E+00    0.106509
   0.477  0.46979780E+00  0.22070997E+00  0.12860877E+00    0.113728
   0.492  0.47571010E+00  0.22630010E+00  0.12875058E+00    0.121183
   0.508  0.48086165E+00  0.23122792E+00  0.12889739E+00    0.128876
   0.523  0.48524594E+00  0.23546362E+00  0.12904925E+00    0.136805
   0.538  0.48885781E+00  0.23898196E+00  0.12920619E+00    0.144970
   0.554  0.49169340E+00  0.24176240E+00  0.12936829E+00    0.153373
   0.569  0.49375016E+00  0.24378922E+00  0.12953559E+00    0.162012
   0.585  0.49502684E+00  0.24505158E+00  0.12970816E+00    0.170888
   0.600  0.49552352E+00  0.24554356E+00  0.12988604E+00    0.180000
   0.615  0.49524154E+00  0.24526418E+00  0.13006931E+00    0.189349
   0.631  0.49418354E+00  0.24421737E+00  0.13025802E+00    0.198935
   0.646  0.49235341E+00  0.24241188E+00  0.13045225E+00    0.208757
   0.662  0.48975631E+00  0.23986124E+00  0.13065206E+00    0.218817
   0.677  0.48639861E+00  0.23658361E+00  0.13085753E+00    0.229112
   0.692  0.48228789E+00  0.23260161E+00  0.13106873E+00    0.239645
   0.708  0.47743293E+00  0.22794220E+00  0.13128573E+00    0.250414
   0.723  0.47184364E+00  0.22263642E+00  0.13150862E+00    0.261420
   0.738  0.46553109E+00  0.21671919E+00  0.13173748E+00    0.272663
   0.754  0.45850741E+00  0.21022905E+00  0.13197239E+00    0.284142
   0.769  0.45078584E+00  0.20320787E+00  0.13221345E+00    0.295858
   0.785  0.44238062E+00  0.19570061E+00  0.13246075E+00    0.307811
   0.800  0.43330700E+00  0.18775495E+00  0.13271438E+00    0.320000
   0.815  0.42358119E+00  0.17942102E+00  0.13297443E+00    0.332426
   0.831  0.41322032E+00  0.17075103E+00  0.13324102E+00    0.345089
   0.846  0.40224239E+00  0.16179894E+00  0.13351425E+00    0.357988
   0.862  0.39066626E+00  0.15262013E+00  0.13379423E+00    0.371124
   0.877  0.37851157E+00  0.14327101E+00  0.13408107E+00    0.384497
   0.892  0.36579871E+00  0.13380870E+00  0.13437488E+00    0.398107
   0.908  0.35254879E+00  0.12429065E+00  0.13467580E+00    0.411953
   0.923  0.33878356E+00  0.11477430E+00  0.13498394E+00    0.426036
   0.938  0.32452541E+00  0.10531674E+00  0.13529945E+00    0.440355
   0.954  0.30979727E+00  0.95974350E-01  0.13562244E+00    0.454911
   0.969  0.29462262E+00  0.86802485E-01  0.13595307E+00    0.469704
   0.985  0.27902537E+00  0.77855156E-01  0.13629148E+00    0.484734
   1.000  0.26302989E+00  0.69184722E-01  0.13663782E+00    0.500000
   1.015  0.24666090E+00  0.60841601E-01  0.13699224E+00    0.515503
   1.031  0.22994346E+00  0.52873996E-01  0.13735491E+00    0.531243
   1.046  0.21290289E+00  0.45327643E-01  0.13772600E+00    0.547219
   1.062  0.19556475E+00  0.38245573E-01  0.13810567E+00    0.563432
   1.077  0.17795477E+00  0.31667901E-01  0.13849412E+00    0.579882
   1.092  0.16009881E+00  0.25631629E-01  0.13889152E+00    0.596568
   1.108  0.14202281E+00  0.20170478E-01  0.13929807E+00    0.613491
   1.123  0.12375275E+00  0.15314743E-01  0.13971398E+00    0.630651
   1.138  0.10531459E+00  0.11091164E-01  0.14013945E+00    0.648047
   1.154  0.86734253E-01  0.75228307E-02  0.14057470E+00    0.665680
   1.169  0.68037529E-01  0.46291054E-02  0.14101995E+00    0.683550
   1.185  0.49250080E-01  0.24255704E-02  0.14147545E+00    0.701657
   1.200  0.30397371E-01  0.92400019E-03  0.14194143E+00    0.720000
   1.215  0.11504638E-01  0.13235670E-03  0.14241815E+00    0.738580
   1.231 -0.74031601E-02  0.54806780E-04  0.14290587E+00    0.757396
   1.246 -0.26301376E-01  0.69176239E-03  0.14340486E+00    0.776450
   1.262 -0.45165716E-01  0.20399419E-02  0.14391542E+00    0.795740
   1.277 -0.63972273E-01  0.40924517E-02  0.14443784E+00    0.815266
   1.292 -0.82697568E-01  0.68388877E-02  0.14497242E+00    0.835030
   1.308 -0.10131858E+00  0.10265454E-01  0.14551949E+00    0.855030
   1.323 -0.11981278E+00  0.14355101E-01  0.14607940E+00    0.875266
   1.338 -0.13815816E+00  0.19087676E-01  0.14665247E+00    0.895740
   1.354 -0.15633327E+00  0.24440090E-01  0.14723909E+00    0.916450
   1.369 -0.17431723E+00  0.30386498E-01  0.14783964E+00    0.937396
   1.385 -0.19208979E+00  0.36898489E-01  0.14845450E+00    0.958580
   1.400 -0.20963132E+00  0.43945290E-01  0.14908410E+00    0.980000
   1.415 -0.22692283E+00  0.51493972E-01  0.14972887E+00    1.001657
   1.431 -0.24394603E+00  0.59509668E-01  0.15038927E+00    1.023550
   1.446 -0.26068332E+00  0.67955794E-01  0.15106577E+00    1.045680
   1.462 -0.27711781E+00  0.76794279E-01  0.15175886E+00    1.068047
   1.477 -0.29323333E+00  0.85985787E-01  0.15246907E+00    1.090651
   1.492 -0.30901448E+00  0.95489949E-01  0.15319694E+00    1.113491
   1.508 -0.32444660E+00  0.10526560E+00  0.15394305E+00    1.136568
   1.523 -0.33951580E+00  0.11527098E+00  0.15470798E+00    1.159882
   1.538 -0.35420896E+00  0.12546399E+00  0.15549238E+00    1.183432
   1.554 -0.36851377E+00  0.13580240E+00  0.15629689E+00    1.207219
   1.569 -0.38241868E+00  0.14624404E+00  0.15712222E+00    1.231243
   1.585 -0.39591295E+00  0.15674706E+00  0.15796910E+00    1.255503
   1.600 -0.40898664E+00  0.16727007E+00  0.15883828E+00    1.280000
   1.615 -0.42163059E+00  0.17777236E+00  0.15973058E+00    1.304734
   1.631 -0.43383647E+00  0.18821408E+00  0.16064684E+00    1.329704
   1.646 -0.44559670E+00  0.19855642E+00  0.16158797E+00    1.354911
   1.662 -0.45690453E+00  0.20876175E+00  0.16255492E+00    1.380355
   1.677 -0.46775398E+00  0.21879379E+00  0.16354867E+00    1.406036
   1.692 -0.47813984E+00  0.22861771E+00  0.16457030E+00    1.431953
   1.708 -0.48805769E+00  0.23820031E+00  0.16562090E+00    1.458107
   1.723 -0.49750386E+00  0.24751009E+00  0.16670168E+00    1.484497
   1.738 -0.50647543E+00  0.25651736E+00  0.16781388E+00    1.511124
   1.754 -0.51497022E+00  0.26519433E+00  0.16895883E+00    1.537988
   1.769 -0.52298679E+00  0.27351518E+00  0.17013795E+00    1.565089
   1.785 -0.53052439E+00  0.28145613E+00  0.17135273E+00    1.592426
   1.800 -0.53758300E+00  0.28899548E+00  0.17260477E+00    1.620000
   1.815 -0.54416324E+00  0.29611363E+00  0.17389578E+00    1.647811
   1.831 -0.55026643E+00  0.30279315E+00  0.17522756E+00    1.675858
   1.846 -0.55589452E+00  0.30901872E+00  0.17660206E+00    1.704142
   1.862 -0.56105009E+00  0.31477720E+00  0.17802133E+00    1.732663
   1.877 -0.56573633E+00  0.32005759E+00  0.17948760E+00    1.761420
   1.892 -0.56995702E+00  0.32485100E+00  0.18100323E+00    1.790414
   1.908 -0.57371650E+00  0.32915062E+00  0.18257078E+00    1.819645
   1.923 -0.57701968E+00  0.33295171E+00  0.18419297E+00    1.849112
   1.938 -0.57987196E+00  0.33625149E+00  0.18587275E+00    1.878817
   1.954 -0.58227928E+00  0.33904917E+00  0.18761330E+00    1.908757
   1.969 -0.58424804E+00  0.34134577E+00  0.18941803E+00    1.938935
   1.985 -0.58578510E+00  0.34314418E+00  0.19129066E+00    1.969349
   2.000 -0.58689775E+00  0.34444897E+00  0.19323519E+00    2.000000
   2.015 -0.58759370E+00  0.34526635E+00  0.19525598E+00    2.030888
   2.031 -0.58788105E+00  0.34560412E+00  0.19735777E+00    2.062012
   2.046 -0.58776825E+00  0.34547152E+00  0.19954571E+00    2.093373
   2.062 -0.58726411E+00  0.34487914E+00  0.20182543E+00    2.124970
   2.077 -0.58637775E+00  0.34383886E+00  0.20420311E+00    2.156805
   2.092 -0.58511857E+00  0.34236374E+00  0.20668550E+00    2.188876
   2.108 -0.58349626E+00  0.34046788E+00  0.20928005E+00    2.221183
   2.123 -0.58152074E+00  0.33816637E+00  0.21199496E+00    2.253728
   2.138 -0.57920218E+00  0.33547516E+00  0.21483929E+00    2.286509
   2.154 -0.57655091E+00  0.33241096E+00  0.21782310E+00    2.319527
   2.169 -0.57357749E+00  0.32899113E+00  0.22095757E+00    2.352781
   2.185 -0.57029258E+00  0.32523363E+00  0.22425521E+00    2.386272
   2.200 -0.56670703E+00  0.32115685E+00  0.22772999E+00    2.420000
   2.215 -0.56283175E+00  0.31677958E+00  0.23139763E+00    2.453964
   2.231 -0.55867780E+00  0.31212088E+00  0.23527590E+00    2.488166
   2.246 -0.55425625E+00  0.30719999E+00  0.23938493E+00    2.522604
   2.262 -0.54957827E+00  0.30203627E+00  0.24374764E+00    2.557278
   2.277 -0.54465503E+00  0.29664910E+00  0.24839029E+00    2.592189
   2.292 -0.53949774E+00  0.29105781E+00  0.25334310E+00    2.627337
   2.308 -0.53411759E+00  0.28528160E+00  0.25864106E+00    2.662722
   2.323 -0.52852574E+00  0.27933946E+00  0.26432495E+00    2.698343
   2.338 -0.52273332E+00  0.27325012E+00  0.27044260E+00    2.734201
   2.354 -0.51675140E+00  0.26703200E+00  0.27705060E+00    2.770296
   2.369 -0.51059097E+00  0.26070314E+00  0.28421643E+00    2.806627
   2.385 -0.50426295E+00  0.25428112E+00  0.29202129E+00    2.843195
   2.400 -0.49777814E+00  0.24778307E+00  0.30056395E+00    2.880000
   2.415 -0.49114722E+00  0.24122560E+00  0.30996594E+00    2.917041
   2.431 -0.48438076E+00  0.23462472E+00  0.32037877E+00    2.954320
   2.446 -0.47748917E+00  0.22799591E+00  0.33199412E+00    2.991834
   2.462 -0.47048270E+00  0.22135397E+00  0.34505871E+00    3.029586
   2.477 -0.46337145E+00  0.21471310E+00  0.35989637E+00    3.067574
   2.492 -0.45616534E+00  0.20808681E+00  0.37694208E+00    3.105799
   2.508 -0.44887408E+00  0.20148794E+00  0.39679639E+00    3.144260
   2.523 -0.44150723E+00  0.19492863E+00  0.42031623E+00    3.182959
   2.538 -0.43407409E+00  0.18842032E+00  0.44877535E+00    3.221893
   2.554 -0.42658379E+00  0.18197373E+00  0.48416714E+00    3.261065
   2.569 -0.41904523E+00  0.17559890E+00  0.52982867E+00    3.300473
   2.585 -0.41146706E+00  0.16930514E+00  0.59188552E+00    3.340118
   2.600 -0.40385774E+00  0.16310107E+00  0.68320075E+00    3.380000
   2.615 -0.39622546E+00  0.15699461E+00  0.83737368E+00    3.420118
   2.631 -0.38857817E+00  0.15099299E+00  0.11904463E+01    3.460473
   2.646 -0.38092359E+00  0.14510278E+00  0.00000000E+00    3.501065
   2.662 -0.37326902E+00  0.13932976E+00  0.00000000E+00    3.541893
   2.677 -0.36562182E+00  0.13367932E+00  0.00000000E+00    3.582959
   2.692 -0.35798896E+00  0.12815610E+00  0.00000000E+00    3.624260
   2.708 -0.35037714E+00  0.12276414E+00  0.00000000E+00    3.665799
   2.723 -0.34279280E+00  0.11750691E+00  0.00000000E+00    3.707574
   2.738 -0.33524212E+00  0.11238728E+00  0.00000000E+00    3.749586
   2.754 -0.32773103E+00  0.10740763E+00  0.00000000E+00    3.791834
   2.769 -0.32026519E+00  0.10256979E+00  0.00000000E+00    3.834320
   2.785 -0.31285001E+00  0.97875131E-01  0.00000000E+00    3.877041
   2.800 -0.30549066E+00  0.93324541E-01  0.00000000E+00    3.920000
   2.815 -0.29819201E+00  0.88918477E-01  0.00000000E+00    3.963195
   2.831 -0.29095873E+00  0.84656985E-01  0.00000000E+00    4.006627
   2.846 -0.28379521E+00  0.80539724E-01  0.00000000E+00    4.050296
   2.862 -0.27670560E+00  0.76565990E-01  0.00000000E+00    4.094201
   2.877 -0.26969380E+00  0.72734746E-01  0.00000000E+00    4.138343
   2.892 -0.26276347E+00  0.69044643E-01  0.00000000E+00    4.182722
   2.908 -0.25591805E+00  0.65494048E-01  0.00000000E+00    4.227337
   2.923 -0.24916072E+00  0.62081064E-01  0.00000000E+00    4.272189
   2.938 -0.24249445E+00  0.58803557E-01  0.00000000E+00    4.317278
   2.954 -0.23592197E+00  0.55659177E-01  0.00000000E+00    4.362604
   2.969 -0.22944582E+00  0.52645383E-01  0.00000000E+00    4.408166
   2.985 -0.22306828E+00  0.49759458E-01  0.00000000E+00    4.453964
   3.000 -0.21679146E+00  0.46998539E-01  0.00000000E+00    4.500000
   3.015 -0.21061725E+00  0.44359627E-01  0.00000000E+00    4.546272
   3.031 -0.20454734E+00  0.41839614E-01  0.00000000E+00    4.592781
   3.046 -0.19858322E+00  0.39435296E-01  0.00000000E+00    4.639527
   3.062 -0.19272621E+00  0.37143392E-01  0.00000000E+00    4.686509
   3.077 -0.18697743E+00  0.34960560E-01  0.00000000E+00    4.733728
   3.092 -0.18133784E+00  0.32883410E-01  0.00000000E+00    4.781183
   3.108 -0.17580820E+00  0.30908524E-01  0.00000000E+00    4.828876
   3.123 -0.17038915E+00  0.29032463E-01  0.00000000E+00    4.876805
   3.138 -0.16508114E+00  0.27251781E-01  0.00000000E+00    4.924970
   3.154 -0.15988446E+00  0.25563042E-01  0.00000000E+00    4.973373
   3.169 -0.15479929E+00  0.23962821E-01  0.00000000E+00    5.022012
   3.185 -0.14982564E+00  0.22447722E-01  0.00000000E+00    5.070888
   3.200 -0.14496339E+00  0.21014384E-01  0.00000000E+00    5.120000
   3.215 -0.14021229E+00  0.19659487E-01  0.00000000E+00    5.169349
   3.231 -0.13557199E+00  0.18379765E-01  0.00000000E+00    5.218935
   3.246 -0.13104199E+00  0.17172004E-01  0.00000000E+00    5.268757
   3.262 -0.12662170E+00  0.16033056E-01  0.00000000E+00    5.318817
   3.277 -0.12231043E+00  0.14959841E-01  0.00000000E+00    5.369112
   3.292 -0.11810736E+00  0.13949349E-01  0.00000000E+00    5.419645
   3.308 -0.11401161E+00  0.12998648E-01  0.00000000E+00    5.470414
   3.323 -0.11002220E+00  0.12104885E-01  0.00000000E+00    5.521420
   3.338 -0.10613806E+00  0.11265288E-01  0.00000000E+00    5.572663
   3.354 -0.10235805E+00  0.10477171E-01  0.00000000E+00    5.624142
   3.369 -0.98680963E-01  0.97379325E-02  0.00000000E+00    5.675858
   3.385 -0.95105507E-01  0.90450575E-02  0.00000000E+00    5.727811
   3.400 -0.91630343E-01  0.83961198E-02  0.00000000E+00    5.780000
   3.415 -0.88254071E-01  0.77887810E-02  0.00000000E+00    5.832426
   3.431 -0.84975237E-01  0.72207909E-02  0.00000000E+00    5.885089
   3.446 -0.81792339E-01  0.66899868E-02  0.00000000E+00    5.937988
   3.462 -0.78703833E-01  0.61942934E-02  0.00000000E+00    5.991124
   3.477 -0.75708135E-01  0.57317216E-02  0.00000000E+00    6.044497
   3.492 -0.72803624E-01  0.53003676E-02  0.00000000E+00    6.098107
   3.508 -0.69988650E-01  0.48984111E-02  0.00000000E+00    6.151953
   3.523 -0.67261535E-01  0.45241141E-02  0.00000000E+00    6.206036
   3.538 -0.64620578E-01  0.41758191E-02  0.00000000E+00    6.260355
   3.554 -0.62064059E-01  0.38519474E-02  0.00000000E+00    6.314911
   3.569 -0.59590238E-01  0.35509965E-02  0.00000000E+00    6.369704
   3.585 -0.57197367E-01  0.32715388E-02  0.00000000E+00    6.424734
   3.600 -0.54883685E-01  0.30122189E-02  0.00000000E+00    6.480000
   3.615 -0.52647424E-01  0.27717513E-02  0.00000000E+00    6.535503
   3.631 -0.50486814E-01  0.25489184E-02  0.00000000E+00    6.591243
   3.646 -0.48400081E-01  0.23425679E-02  0.00000000E+00    6.647219
   3.662 -0.46385456E-01  0.21516106E-02  0.00000000E+00    6.703432
   3.677 -0.44441171E-01  0.19750177E-02  0.00000000E+00    6.759882
   3.692 -0.42565466E-01  0.18118189E-02  0.00000000E+00    6.816568
   3.708 -0.40756589E-01  0.16610995E-02  0.00000000E+00    6.873491
   3.723 -0.39012798E-01  0.15219984E-02  0.00000000E+00    6.930651
   3.738 -0.37332363E-01  0.13937053E-02  0.00000000E+00    6.988047
   3.754 -0.35713572E-01  0.12754592E-02  0.00000000E+00    7.045680
   3.769 -0.34154724E-01  0.11665452E-02  0.00000000E+00    7.103550
   3.785 -0.32654141E-01  0.10662929E-02  0.00000000E+00    7.161657
   3.800 -0.31210159E-01  0.97407402E-03  0.00000000E+00    7.220000
   3.815 -0.29821139E-01  0.88930031E-03  0.00000000E+00    7.278580
   3.831 -0.28485461E-01  0.81142146E-03  0.00000000E+00    7.337396
   3.846 -0.27201529E-01  0.73992318E-03  0.00000000E+00    7.396450
   3.862 -0.25967772E-01  0.67432519E-03  0.00000000E+00    7.455740
   3.877 -0.24782643E-01  0.61417940E-03  0.00000000E+00    7.515266
   3.892 -0.23644621E-01  0.55906812E-03  0.00000000E+00    7.575030
   3.908 -0.22552212E-01  0.50860228E-03  0.00000000E+00    7.635030
   3.923 -0.21503950E-01  0.46241986E-03  0.00000000E+00    7.695266
   3.938 -0.20498395E-01  0.42018419E-03  0.00000000E+00    7.755740
   3.954 -0.19534137E-01  0.38158252E-03  0.00000000E+00    7.816450
   3.969 -0.18609796E-01  0.34632452E-03  0.00000000E+00    7.877396
   3.985 -0.17724020E-01  0.31414088E-03  0.00000000E+00    7.938580
   4.000 -0.16875486E-01  0.28478203E-03  0.00000000E+00    8.000000
   4.015 -0.16062903E-01  0.25801684E-03  0.00000000E+00    8.061657
   4.031 -0.15285007E-01  0.23363144E-03  0.00000000E+00    8.123550
   4.046 -0.14540568E-01  0.21142812E-03  0.00000000E+00    8.185680
   4.062 -0.13828384E-01  0.19122419E-03  0.00000000E+00    8.248047
   4.077 -0.13147282E-01  0.17285103E-03  0.00000000E+00    8.310651
   4.092 -0.12496123E-01  0.15615309E-03  0.00000000E+00    8.373491
   4.108 -0.11873794E-01  0.14098699E-03  0.00000000E+00    8.436568
   4.123 -0.11279215E-01  0.12722070E-03  0.00000000E+00    8.499882
   4.138 -0.10711335E-01  0.11473269E-03  0.00000000E+00    8.563432
   4.154 -0.10169130E-01  0.10341121E-03  0.00000000E+00    8.627219
   4.169 -0.96516097E-02  0.93153571E-04  0.00000000E+00    8.691243
   4.185 -0.91578094E-02  0.83865473E-04  0.00000000E+00    8.755503
   4.200 -0.86867943E-02  0.75460395E-04  0.00000000E+00    8.820000
   4.215 -0.82376579E-02  0.67859007E-04  0.00000000E+00    8.884734
   4.231 -0.78095215E-02  0.60988626E-04  0.00000000E+00    8.949704
   4.246 -0.74015339E-02  0.54782704E-04  0.00000000E+00    9.014911
   4.262 -0.70128710E-02  0.49180360E-04  0.00000000E+00    9.080355
   4.277 -0.66427355E-02  0.44125935E-04  0.00000000E+00    9.146036
   4.292 -0.62903560E-02  0.39568579E-04  0.00000000E+00    9.211953
   4.308 -0.59549870E-02  0.35461870E-04  0.00000000E+00    9.278107
   4.323 -0.56359082E-02  0.31763461E-04  0.00000000E+00    9.344497
   4.338 -0.53324238E-02  0.28434744E-04  0.00000000E+00    9.411124
   4.354 -0.50438624E-02  0.25440548E-04  0.00000000E+00    9.477988
   4.369 -0.47695762E-02  0.22748857E-04  0.00000000E+00    9.545089
   4.385 -0.45089404E-02  0.20330543E-04  0.00000000E+00    9.612426
   4.400 -0.42613528E-02  0.18159128E-04  0.00000000E+00    9.680000
   4.415 -0.40262334E-02  0.16210555E-04  0.00000000E+00    9.747811
   4.431 -0.38030235E-02  0.14462988E-04  0.00000000E+00    9.815858
   4.446 -0.35911854E-02  0.12896613E-04  0.00000000E+00    9.884142
   4.462 -0.33902019E-02  0.11493469E-04  0.00000000E+00    9.952663
   4.477 -0.31995753E-02  0.10237282E-04  0.00000000E+00   10.021420
   4.492 -0.30188277E-02  0.91133205E-05  0.00000000E+00   10.090414
   4.508 -0.28474994E-02  0.81082529E-05  0.00000000E+00   10.159645
   4.523 -0.26851494E-02  0.72100272E-05  0.00000000E+00   10.229112
   4.538 -0.25313540E-02  0.64077530E-05  0.00000000E+00   10.298817
   4.554 -0.23857068E-02  0.56915971E-05  0.00000000E+00   10.368757
   4.569 -0.22478181E-02  0.50526862E-05  0.00000000E+00   10.438935
   4.585 -0.21173141E-02  0.44830190E-05  0.00000000E+00   10.509349
   4.600 -0.19938367E-02  0.39753847E-05  0.00000000E+00   10.580000
   4.615 -0.18770428E-02  0.35232895E-05  0.00000000E+00   10.650888
   4.631 -0.17666039E-02  0.31208893E-05  0.00000000E+00   10.722012
   4.646 -0.16622057E-02  0.27629276E-05  0.00000000E+00   10.793373
   4.662 -0.15635473E-02  0.24446800E-05  0.00000000E+00   10.864970
   4.677 -0.14703410E-02  0.21619027E-05  0.00000000E+00   10.936805
   4.692 -0.13823120E-02  0.19107864E-05  0.00000000E+00   11.008876
   4.708 -0.12991973E-02  0.16879137E-05  0.00000000E+00   11.081183
   4.723 -0.12207461E-02  0.14902211E-05  0.00000000E+00   11.153728
   4.738 -0.11467186E-02  0.13149636E-05  0.00000000E+00   11.226509
   4.754 -0.10768862E-02  0.11596839E-05  0.00000000E+00   11.299527
   4.769 -0.10110305E-02  0.10221828E-05  0.00000000E+00   11.372781
   4.785 -0.94894358E-03  0.90049391E-06  0.00000000E+00   11.446272
   4.800 -0.89042689E-03  0.79286004E-06  0.00000000E+00   11.520000
   4.815 -0.83529140E-03  0.69771173E-06  0.00000000E+00   11.593964
   4.831 -0.78335703E-03  0.61364824E-06  0.00000000E+00   11.668166
   4.846 -0.73445226E-03  0.53942013E-06  0.00000000E+00   11.742604
   4.862 -0.68841386E-03  0.47391364E-06  0.00000000E+00   11.817278
   4.877 -0.64508649E-03  0.41613659E-06  0.00000000E+00   11.892189
   4.892 -0.60432243E-03  0.36520560E-06  0.00000000E+00   11.967337
   4.908 -0.56598119E-03  0.32033471E-06  0.00000000E+00   12.042722
   4.923 -0.52992928E-03  0.28082505E-06  0.00000000E+00   12.118343
   4.938 -0.49603985E-03  0.24605553E-06  0.00000000E+00   12.194201
   4.954 -0.46419243E-03  0.21547461E-06  0.00000000E+00   12.270296
   4.969 -0.43427264E-03  0.18859273E-06  0.00000000E+00   12.346627
   4.985 -0.40617195E-03  0.16497565E-06  0.00000000E+00   12.423195
   5.000 -0.37978737E-03  0.14423844E-06  0.00000000E+00   12.500000
   5.015 -0.35502124E-03  0.12604008E-06  0.00000000E+00   12.577041
   5.031 -0.33178098E-03  0.11007862E-06  0.00000000E+00   12.654320
   5.046 -0.30997884E-03  0.96086884E-07  0.00000000E+00   12.731834
   5.062 -0.28953172E-03  0.83828615E-07  0.00000000E+00   12.809586
   5.077 -0.27036088E-03  0.73095004E-07  0.00000000E+00   12.887574
   5.092 -0.25239181E-03  0.63701625E-07  0.00000000E+00   12.965799
   5.108 -0.23555399E-03  0.55485681E-07  0.00000000E+00   13.044260
   5.123 -0.21978070E-03  0.48303556E-07  0.00000000E+00   13.122959
   5.138 -0.20500886E-03  0.42028631E-07  0.00000000E+00   13.201893
   5.154 -0.19117881E-03  0.36549337E-07  0.00000000E+00   13.281065
   5.169 -0.17823420E-03  0.31767430E-07  0.00000000E+00   13.360473
   5.185 -0.16612178E-03  0.27596445E-07  0.00000000E+00   13.440118
   5.200 -0.15479126E-03  0.23960333E-07  0.00000000E+00   13.520000
   5.215 -0.14419516E-03  0.20792245E-07  0.00000000E+00   13.600118
   5.231 -0.13428870E-03  0.18033454E-07  0.00000000E+00   13.680473
   5.246 -0.12502959E-03  0.15632398E-07  0.00000000E+00   13.761065
   5.262 -0.11637798E-03  0.13543834E-07  0.00000000E+00   13.841893
   5.277 -0.10829628E-03  0.11728085E-07  0.00000000E+00   13.922959
   5.292 -0.10074909E-03  0.10150379E-07  0.00000000E+00   14.004260
   5.308 -0.93703024E-04  0.87802567E-08  0.00000000E+00   14.085799
   5.323 -0.87126661E-04  0.75910551E-08  0.00000000E+00   14.167574
   5.338 -0.80990410E-04  0.65594466E-08  0.00000000E+00   14.249586
   5.354 -0.75266421E-04  0.56650342E-08  0.00000000E+00   14.331834
   5.369 -0.69928491E-04  0.48899938E-08  0.00000000E+00   14.414320
   5.385 -0.64951971E-04  0.42187586E-08  0.00000000E+00   14.497041
   5.400 -0.60313688E-04  0.36377410E-08  0.00000000E+00   14.580000
   5.415 -0.55991858E-04  0.31350882E-08  0.00000000E+00   14.663195
   5.431 -0.51966013E-04  0.27004665E-08  0.00000000E+00   14.746627
   5.446 -0.48216924E-04  0.23248718E-08  0.00000000E+00   14.830296
   5.462 -0.44726537E-04  0.20004631E-08  0.00000000E+00   14.914201
   5.477 -0.41477902E-04  0.17204163E-08  0.00000000E+00   14.998343
   5.492 -0.38455113E-04  0.14787957E-08  0.00000000E+00   15.082722
   5.508 -0.35643249E-04  0.12704412E-08  0.00000000E+00   15.167337
   5.523 -0.33028316E-04  0.10908697E-08  0.00000000E+00   15.252189
   5.538 -0.30597193E-04  0.93618824E-09  0.00000000E+00   15.337278
   5.554 -0.28337585E-04  0.80301872E-09  0.00000000E+00   15.422604
   5.569 -0.26237970E-04  0.68843108E-09  0.00000000E+00   15.508166
   5.585 -0.24287558E-04  0.58988549E-09  0.00000000E+00   15.593964
   5.600 -0.22476245E-04  0.50518160E-09  0.00000000E+00   15.680000
   5.615 -0.20794574E-04  0.43241430E-09  0.00000000E+00   15.766272
   5.631 -0.19233694E-04  0.36993499E-09  0.00000000E+00   15.852781
   5.646 -0.17785328E-04  0.31631788E-09  0.00000000E+00   15.939527
   5.662 -0.16441733E-04  0.27033058E-09  0.00000000E+00   16.026509
   5.677 -0.15195672E-04  0.23090845E-09  0.00000000E+00   16.113728
   5.692 -0.14040382E-04  0.19713232E-09  0.00000000E+00   16.201183
   5.708 -0.12969542E-04  0.16820903E-09  0.00000000E+00   16.288876
   5.723 -0.11977252E-04  0.14345457E-09  0.00000000E+00   16.376805
   5.738 -0.11058000E-04  0.12227937E-09  0.00000000E+00   16.464970
   5.754 -0.10206643E-04  0.10417555E-09  0.00000000E+00   16.553373
   5.769 -0.94183801E-05  0.88705883E-10  0.00000000E+00   16.642012
   5.785 -0.86887351E-05  0.75494117E-10  0.00000000E+00   16.730888
   5.800 -0.80135324E-05  0.64216702E-10  0.00000000E+00   16.820000
   5.815 -0.73888798E-05  0.54595545E-10  0.00000000E+00   16.909349
   5.831 -0.68111497E-05  0.46391760E-10  0.00000000E+00   16.998935
   5.846 -0.62769623E-05  0.39400255E-10  0.00000000E+00   17.088757
   5.862 -0.57831698E-05  0.33445053E-10  0.00000000E+00   17.178817
   5.877 -0.53268413E-05  0.28375239E-10  0.00000000E+00   17.269112
   5.892 -0.49052486E-05  0.24061464E-10  0.00000000E+00   17.359645
   5.908 -0.45158528E-05  0.20392927E-10  0.00000000E+00   17.450414
   5.923 -0.41562924E-05  0.17274767E-10  0.00000000E+00   17.541420
   5.938 -0.38243710E-05  0.14625814E-10  0.00000000E+00   17.632663
   5.954 -0.35180468E-05  0.12376653E-10  0.00000000E+00   17.724142
   5.969 -0.32354219E-05  0.10467955E-10  0.00000000E+00   17.815858
   5.985 -0.29747330E-05  0.88490366E-11  0.00000000E+00   17.907811
   6.000 -0.27343424E-05  0.74766284E-11  0.00000000E+00   18.000000
   6.015 -0.25127291E-05  0.63138077E-11  0.00000000E+00   18.092426
   6.031 -0.23084814E-05  0.53290864E-11  0.00000000E+00   18.185089
   6.046 -0.21202890E-05  0.44956255E-11  0.00000000E+00   18.277988
   6.062 -0.19469365E-05  0.37905616E-11  0.00000000E+00   18.371124
   6.077 -0.17872964E-05  0.31944283E-11  0.00000000E+00   18.464497
   6.092 -0.16403235E-05  0.26906611E-11  0.00000000E+00   18.558107
   6.108 -0.15050489E-05  0.22651721E-11  0.00000000E+00   18.651953
   6.123 -0.13805748E-05  0.19059868E-11  0.00000000E+00   18.746036
   6.138 -0.12660695E-05  0.16029321E-11  0.00000000E+00   18.840355
   6.154 -0.11607628E-05  0.13473704E-11  0.00000000E+00   18.934911
   6.169 -0.10639417E-05  0.11319719E-11  0.00000000E+00   19.029704
   6.185 -0.97494599E-06  0.95051968E-12  0.00000000E+00   19.124734
   6.200 -0.89316514E-06  0.79774397E-12  0.00000000E+00   19.220000
   6.215 -0.81803426E-06  0.66918005E-12  0.00000000E+00   19.315503
   6.231 -0.74903099E-06  0.56104742E-12  0.00000000E+00   19.411243
   6.246 -0.68567242E-06  0.47014667E-12  0.00000000E+00   19.507219
   6.262 -0.62751229E-06  0.39377168E-12  0.00000000E+00   19.603432
   6.277 -0.57413827E-06  0.32963475E-12  0.00000000E+00   19.699882
   6.292 -0.52516950E-06  0.27580300E-12  0.00000000E+00   19.796568
   6.308 -0.48025433E-06  0.23064422E-12  0.00000000E+00   19.893491
   6.323 -0.43906813E-06  0.19278082E-12  0.00000000E+00   19.990651
   6.338 -0.40131133E-06  0.16105078E-12  0.00000000E+00   20.088047
   6.354 -0.36670755E-06  0.13447442E-12  0.00000000E+00   20.185680
   6.369 -0.33500188E-06  0.11222626E-12  0.00000000E+00   20.283550
   6.385 -0.30595929E-06  0.93611084E-13  0.00000000E+00   20.381657
   6.400 -0.27936313E-06  0.78043759E-13  0.00000000E+00   20.480000
   6.415 -0.25501377E-06  0.65032023E-13  0.00000000E+00   20.578580
   6.431 -0.23272729E-06  0.54161991E-13  0.00000000E+00   20.677396
   6.446 -0.21233430E-06  0.45085857E-13  0.00000000E+00   20.776450
   6.462 -0.19367887E-06  0.37511503E-13  0.00000000E+00   20.875740
   6.477 -0.17661743E-06  0.31193717E-13  0.00000000E+00   20.975266
   6.492 -0.16101791E-06  0.25926768E-13  0.00000000E+00   21.075030
   6.508 -0.14675880E-06  0.21538146E-13  0.00000000E+00   21.175030
   6.523 -0.13372836E-06  0.17883273E-13  0.00000000E+00   21.275266
   6.538 -0.12182384E-06  0.14841047E-13  0.00000000E+00   21.375740
   6.554 -0.11095081E-06  0.12310083E-13  0.00000000E+00   21.476450
   6.569 -0.10102252E-06  0.10205550E-13  0.00000000E+00   21.577396
   6.585 -0.91959260E-07  0.84565055E-14  0.00000000E+00   21.678580
   6.600 -0.83687828E-07  0.70036526E-14  0.00000000E+00   21.780000
   6.615 -0.76141028E-07  0.57974562E-14  0.00000000E+00   21.881657
   6.631 -0.69257184E-07  0.47965576E-14  0.00000000E+00   21.983550
   6.646 -0.62979703E-07  0.39664430E-14  0.00000000E+00   22.085680
   6.662 -0.57256673E-07  0.32783266E-14  0.00000000E+00   22.188047
   6.677 -0.52040490E-07  0.27082126E-14  0.00000000E+00   22.290651
   6.692 -0.47287509E-07  0.22361085E-14  0.00000000E+00   22.393491
   6.708 -0.42957731E-07  0.18453667E-14  0.00000000E+00   22.496568
   6.723 -0.39014505E-07  0.15221316E-14  0.00000000E+00   22.599882
   6.738 -0.35424259E-07  0.12548782E-14  0.00000000E+00   22.703432
   6.754 -0.32156250E-07  0.10340244E-14  0.00000000E+00   22.807219
   6.769 -0.29182332E-07  0.85160850E-15  0.00000000E+00   22.911243
   6.785 -0.26476746E-07  0.70101805E-15  0.00000000E+00   23.015503
   6.800 -0.24015922E-07  0.57676449E-15  0.00000000E+00   23.120000
   6.815 -0.21778301E-07  0.47429439E-15  0.00000000E+00   23.224734
   6.831 -0.19744169E-07  0.38983219E-15  0.00000000E+00   23.329704
   6.846 -0.17895501E-07  0.32024895E-15  0.00000000E+00   23.434911
   6.862 -0.16215825E-07  0.26295297E-15  0.00000000E+00   23.540355
   6.877 -0.14690090E-07  0.21579874E-15  0.00000000E+00   23.646036
   6.892 -0.13304547E-07  0.17701098E-15  0.00000000E+00   23.751953
   6.908 -0.12046643E-07  0.14512161E-15  0.00000000E+00   23.858107
   6.923 -0.10904916E-07  0.11891718E-15  0.00000000E+00   23.964497
   6.938 -0.98689039E-08  0.97395263E-16  0.00000000E+00   24.071124
   6.954 -0.89290634E-08  0.79728174E-16  0.00000000E+00   24.177988
   6.969 -0.80766881E-08  0.65232891E-16  0.00000000E+00   24.285089
   6.985 -0.73038386E-08  0.53346058E-16  0.00000000E+00   24.392426
   7.000 -0.66032767E-08  0.43603263E-16  0.00000000E+00   24.500000
   7.015 -0.59684056E-08  0.35621866E-16  0.00000000E+00   24.607811
   7.031 -0.53932147E-08  0.29086765E-16  0.00000000E+00   24.715858
   7.046 -0.48722286E-08  0.23738612E-16  0.00000000E+00   24.824142
   7.062 -0.44004613E-08  0.19364060E-16  0.00000000E+00   24.932663
   7.077 -0.39733735E-08  0.15787697E-16  0.00000000E+00   25.041420
   7.092 -0.35868337E-08  0.12865376E-16  0.00000000E+00   25.150414
   7.108 -0.32370826E-08  0.10478704E-16  0.00000000E+00   25.259645
   7.123 -0.29207006E-08  0.85304921E-17  0.00000000E+00   25.369112
   7.138 -0.26345780E-08  0.69410012E-17  0.00000000E+00   25.478817
   7.154 -0.23758874E-08  0.56448410E-17  0.00000000E+00   25.588757
   7.169 -0.21420592E-08  0.45884176E-17  0.00000000E+00   25.698935
   7.185 -0.19307583E-08  0.37278277E-17  0.00000000E+00   25.809349
   7.200 -0.17398637E-08  0.30271258E-17  0.00000000E+00   25.920000
   7.215 -0.15674491E-08  0.24568968E-17  0.00000000E+00   26.030888
   7.231 -0.14117656E-08  0.19930821E-17  0.00000000E+00   26.142012
   7.246 -0.12712258E-08  0.16160150E-17  0.00000000E+00   26.253373
   7.262 -0.11443893E-08  0.13096268E-17  0.00000000E+00   26.364970
   7.277 -0.10299494E-08  0.10607957E-17  0.00000000E+00   26.476805
   7.292 -0.92672100E-09  0.85881181E-18  0.00000000E+00   26.588876
   7.308 -0.83362975E-09  0.69493855E-18  0.00000000E+00   26.701183
   7.323 -0.74970170E-09  0.56205264E-18  0.00000000E+00   26.813728
   7.338 -0.67405434E-09  0.45434925E-18  0.00000000E+00   26.926509
   7.354 -0.60588816E-09  0.36710046E-18  0.00000000E+00   27.039527
   7.369 -0.54447908E-09  0.29645747E-18  0.00000000E+00   27.152781
   7.385 -0.48917149E-09  0.23928875E-18  0.00000000E+00   27.266272
   7.400 -0.43937192E-09  0.19304769E-18  0.00000000E+00   27.380000
   7.415 -0.39454334E-09  0.15566445E-18  0.00000000E+00   27.493964
   7.431 -0.35419988E-09  0.12545756E-18  0.00000000E+00   27.608166
   7.446 -0.31790211E-09  0.10106175E-18  0.00000000E+00   27.722604
   7.462 -0.28525269E-09  0.81369097E-19  0.00000000E+00   27.837278
   7.477 -0.25589243E-09  0.65480936E-19  0.00000000E+00   27.952189
   7.492 -0.22949673E-09  0.52668751E-19  0.00000000E+00   28.067337
   7.508 -0.20577234E-09  0.42342255E-19  0.00000000E+00   28.182722
   7.523 -0.18445435E-09  0.34023408E-19  0.00000000E+00   28.298343
   7.538 -0.16530359E-09  0.27325276E-19  0.00000000E+00   28.414201
   7.554 -0.14810412E-09  0.21934829E-19  0.00000000E+00   28.530296
   7.569 -0.13266107E-09  0.17598959E-19  0.00000000E+00   28.646627
   7.585 -0.11879862E-09  0.14113111E-19  0.00000000E+00   28.763195
   7.600 -0.10635816E-09  0.11312059E-19  0.00000000E+00   28.880000
   7.615 -0.95196691E-10  0.90624100E-20  0.00000000E+00   28.997041
   7.631 -0.85185266E-10  0.72565295E-20  0.00000000E+00   29.114320
   7.646 -0.76207680E-10  0.58076105E-20  0.00000000E+00   29.231834
   7.662 -0.68159226E-10  0.46456800E-20  0.00000000E+00   29.349586
   7.677 -0.60945582E-10  0.37143640E-20  0.00000000E+00   29.467574
   7.692 -0.54481808E-10  0.29682674E-20  0.00000000E+00   29.585799
   7.708 -0.48691428E-10  0.23708552E-20  0.00000000E+00   29.704260
   7.723 -0.43505609E-10  0.18927381E-20  0.00000000E+00   29.822959
   7.738 -0.38862414E-10  0.15102872E-20  0.00000000E+00   29.941893
   7.754 -0.34706121E-10  0.12045148E-20  0.00000000E+00   30.061065
   7.769 -0.30986618E-10  0.96017052E-21  0.00000000E+00   30.180473
   7.785 -0.27658851E-10  0.76501203E-21  0.00000000E+00   30.300118
   7.800 -0.24682318E-10  0.60921681E-21  0.00000000E+00   30.420000
   7.815 -0.22020624E-10  0.48490788E-21  0.00000000E+00   30.540118
   7.831 -0.19641073E-10  0.38577174E-21  0.00000000E+00   30.660473
   7.846 -0.17514297E-10  0.30675061E-21  0.00000000E+00   30.781065
   7.862 -0.15613928E-10  0.24379474E-21  0.00000000E+00   30.901893
   7.877 -0.13916294E-10  0.19366323E-21  0.00000000E+00   31.022959
   7.892 -0.12400152E-10  0.15376376E-21  0.00000000E+00   31.144260
   7.908 -0.11046442E-10  0.12202388E-21  0.00000000E+00   31.265799
   7.923 -0.98380689E-11  0.96787599E-22  0.00000000E+00   31.387574
   7.938 -0.87597025E-11  0.76732387E-22  0.00000000E+00   31.509586
   7.954 -0.77975995E-11  0.60802558E-22  0.00000000E+00   31.631834
   7.969 -0.69394426E-11  0.48155864E-22  0.00000000E+00   31.754320
   7.985 -0.61741954E-11  0.38120688E-22  0.00000000E+00   31.877041
   8.000 -0.54919715E-11  0.30161752E-22  0.00000000E+00   32.000000
   8.015 -0.48839178E-11  0.23852653E-22  0.00000000E+00   32.123195
   8.031 -0.43421077E-11  0.18853899E-22  0.00000000E+00   32.246627
   8.046 -0.38594465E-11  0.14895327E-22  0.00000000E+00   32.370296
   8.062 -0.34295858E-11  0.11762059E-22  0.00000000E+00   32.494201
   8.077 -0.30468464E-11  0.92832732E-23  0.00000000E+00   32.618343
   8.092 -0.27061490E-11  0.73232425E-23  0.00000000E+00   32.742722
   8.108 -0.24029522E-11  0.57741792E-23  0.00000000E+00   32.867337
   8.123 -0.21331964E-11  0.45505268E-23  0.00000000E+00   32.992189
   8.138 -0.18932539E-11  0.35844104E-23  0.00000000E+00   33.117278
   8.154 -0.16798837E-11  0.28220094E-23  0.00000000E+00   33.242604
   8.169 -0.14901910E-11  0.22206693E-23  0.00000000E+00   33.368166
   8.185 -0.13215909E-11  0.17466024E-23  0.00000000E+00   33.493964
   8.200 -0.11717757E-11  0.13730584E-23  0.00000000E+00   33.620000
   8.215 -0.10386863E-11  0.10788691E-23  0.00000000E+00   33.746272
   8.231 -0.92048496E-12  0.84729256E-24  0.00000000E+00   33.872781
   8.246 -0.81553284E-12  0.66509382E-24  0.00000000E+00   33.999527
   8.262 -0.72236830E-12  0.52181596E-24  0.00000000E+00   34.126509
   8.277 -0.63968827E-12  0.40920109E-24  0.00000000E+00   34.253728
   8.292 -0.56633135E-12  0.32073120E-24  0.00000000E+00   34.381183
   8.308 -0.50126264E-12  0.25126423E-24  0.00000000E+00   34.508876
   8.323 -0.44356023E-12  0.19674568E-24  0.00000000E+00   34.636805
   8.338 -0.39240310E-12  0.15398019E-24  0.00000000E+00   34.764970
   8.354 -0.34706022E-12  0.12045079E-24  0.00000000E+00   34.893373
   8.369 -0.30688088E-12  0.94175874E-25  0.00000000E+00   35.022012
   8.385 -0.27128603E-12  0.73596111E-25  0.00000000E+00   35.150888
   8.400 -0.23976052E-12  0.57485105E-25  0.00000000E+00   35.280000
   8.415 -0.21184613E-12  0.44878785E-25  0.00000000E+00   35.409349
   8.431 -0.18713546E-12  0.35019679E-25  0.00000000E+00   35.538935
   8.446 -0.16526630E-12  0.27312950E-25  0.00000000E+00   35.668757
   8.462 -0.14591677E-12  0.21291705E-25  0.00000000E+00   35.798817
   8.477 -0.12880089E-12  0.16589668E-25  0.00000000E+00   35.929112
   8.492 -0.11366460E-12  0.12919640E-25  0.00000000E+00   36.059645
   8.508 -0.10028231E-12  0.10056541E-25  0.00000000E+00   36.190414
   8.523 -0.88453740E-13  0.78240641E-26  0.00000000E+00   36.321420
   8.538 -0.78001123E-13  0.60841752E-26  0.00000000E+00   36.452663
   8.554 -0.68766720E-13  0.47288618E-26  0.00000000E+00   36.584142
   8.569 -0.60610600E-13  0.36736448E-26  0.00000000E+00   36.715858
   8.585 -0.53408660E-13  0.28524849E-26  0.00000000E+00   36.847811
   8.600 -0.47050867E-13  0.22137841E-26  0.00000000E+00   36.980000
   8.615 -0.41439684E-13  0.17172475E-26  0.00000000E+00   37.112426
   8.631 -0.36488678E-13  0.13314236E-26  0.00000000E+00   37.245089
   8.646 -0.32121271E-13  0.10317760E-26  0.00000000E+00   37.377988
   8.662 -0.28269636E-13  0.79917233E-27  0.00000000E+00   37.511124
   8.677 -0.24873714E-13  0.61870167E-27  0.00000000E+00   37.644497
   8.692 -0.21880337E-13  0.47874917E-27  0.00000000E+00   37.778107
   8.708 -0.19242449E-13  0.37027184E-27  0.00000000E+00   37.911953
   8.723 -0.16918414E-13  0.28623273E-27  0.00000000E+00   38.046036
   8.738 -0.14871403E-13  0.22115863E-27  0.00000000E+00   38.180355
   8.754 -0.13068846E-13  0.17079474E-27  0.00000000E+00   38.314911
   8.769 -0.11481948E-13  0.13183512E-27  0.00000000E+00   38.449704
   8.785 -0.10085256E-13  0.10171239E-27  0.00000000E+00   38.584734
   8.800 -0.88562799E-14  0.78433693E-28  0.00000000E+00   38.720000
   8.815 -0.77751506E-14  0.60452966E-28  0.00000000E+00   38.855503
   8.831 -0.68243197E-14  0.46571340E-28  0.00000000E+00   38.991243
   8.846 -0.59882927E-14  0.35859649E-28  0.00000000E+00   39.127219
   8.862 -0.52533917E-14  0.27598125E-28  0.00000000E+00   39.263432
   8.877 -0.46075460E-14  0.21229480E-28  0.00000000E+00   39.399882
   8.892 -0.40401055E-14  0.16322453E-28  0.00000000E+00   39.536568
   8.908 -0.35416766E-14  0.12543473E-28  0.00000000E+00   39.673491
   8.923 -0.31039753E-14  0.96346626E-29  0.00000000E+00   39.810651
   8.938 -0.27196987E-14  0.73967612E-29  0.00000000E+00   39.948047
   8.954 -0.23824102E-14  0.56758783E-29  0.00000000E+00   40.085680
   8.969 -0.20864380E-14  0.43532237E-29  0.00000000E+00   40.223550
   8.985 -0.18267860E-14  0.33371471E-29  0.00000000E+00   40.361657
   9.000 -0.15990539E-14  0.25569733E-29  0.00000000E+00   40.500000
   9.015 -0.13993675E-14  0.19582293E-29  0.00000000E+00   40.638580
   9.031 -0.12243166E-14  0.14989510E-29  0.00000000E+00   40.777396
   9.046 -0.10709001E-14  0.11468270E-29  0.00000000E+00   40.916450
   9.062 -0.93647778E-15  0.87699063E-30  0.00000000E+00   41.055740
   9.077 -0.81872738E-15  0.67031452E-30  0.00000000E+00   41.195266
   9.092 -0.71560682E-15  0.51209313E-30  0.00000000E+00   41.335030
   9.108 -0.62532094E-15  0.39102627E-30  0.00000000E+00   41.475030
   9.123 -0.54629197E-15  0.29843492E-30  0.00000000E+00   41.615266
   9.138 -0.47713363E-15  0.22765650E-30  0.00000000E+00   41.755740
   9.154 -0.41662815E-15  0.17357902E-30  0.00000000E+00   41.896450
   9.169 -0.36370610E-15  0.13228213E-30  0.00000000E+00   42.037396
   9.185 -0.31742853E-15  0.10076087E-30  0.00000000E+00   42.178580
   9.200 -0.27697129E-15  0.76713093E-31  0.00000000E+00   42.320000
   9.215 -0.24161114E-15  0.58375943E-31  0.00000000E+00   42.461657
   9.231 -0.21071361E-15  0.44400227E-31  0.00000000E+00   42.603550
   9.246 -0.18372222E-15  0.33753853E-31  0.00000000E+00   42.745680
   9.262 -0.16014899E-15  0.25647699E-31  0.00000000E+00   42.888047
   9.277 -0.13956618E-15  0.19478719E-31  0.00000000E+00   43.030651
   9.292 -0.12159890E-15  0.14786292E-31  0.00000000E+00   43.173491
   9.308 -0.10591868E-15  0.11218766E-31  0.00000000E+00   43.316568
   9.323 -0.92237794E-16  0.85078106E-32  0.00000000E+00   43.459882
   9.338 -0.80304285E-16  0.64487781E-32  0.00000000E+00   43.603432
   9.354 -0.69897552E-16  0.48856677E-32  0.00000000E+00   43.747219
   9.369 -0.60824510E-16  0.36996210E-32  0.00000000E+00   43.891243
   9.385 -0.52916200E-16  0.28001242E-32  0.00000000E+00   44.035503
   9.400 -0.46024810E-16  0.21182831E-32  0.00000000E+00   44.180000
   9.415 -0.40021062E-16  0.16016854E-32  0.00000000E+00   44.324734
   9.431 -0.34791918E-16  0.12104775E-32  0.00000000E+00   44.469704
   9.446 -0.30238562E-16  0.91437065E-33  0.00000000E+00   44.614911
   9.462 -0.26274638E-16  0.69035659E-33  0.00000000E+00   44.760355
   9.477 -0.22824691E-16  0.52096654E-33  0.00000000E+00   44.906036
   9.492 -0.19822815E-16  0.39294401E-33  0.00000000E+00   45.051953
   9.508 -0.17211453E-16  0.29623412E-33  0.00000000E+00   45.198107
   9.523 -0.14940356E-16  0.22321422E-33  0.00000000E+00   45.344497
   9.538 -0.12965662E-16  0.16810839E-33  0.00000000E+00   45.491124
   9.554 -0.11249099E-16  0.12654223E-33  0.00000000E+00   45.637988
   9.569 -0.97572767E-17  0.95204449E-34  0.00000000E+00   45.785089
   9.585 -0.84610723E-17  0.71589744E-34  0.00000000E+00   45.932426
   9.600 -0.73350909E-17  0.53803558E-34  0.00000000E+00   46.080000
   9.615 -0.63571937E-17  0.40413911E-34  0.00000000E+00   46.227811
   9.631 -0.55080847E-17  0.30338997E-34  0.00000000E+00   46.375858
   9.646 -0.47709495E-17  0.22761959E-34  0.00000000E+00   46.524142
   9.662 -0.41311388E-17  0.17066308E-34  0.00000000E+00   46.672663
   9.677 -0.35758922E-17  0.12787005E-34  0.00000000E+00   46.821420
   9.692 -0.30940966E-17  0.95734339E-35  0.00000000E+00   46.970414
   9.708 -0.26760745E-17  0.71613750E-35  0.00000000E+00   47.119645
   9.723 -0.23133997E-17  0.53518180E-35  0.00000000E+00   47.269112
   9.738 -0.19987353E-17  0.39949428E-35  0.00000000E+00   47.418817
   9.754 -0.17256932E-17  0.29780171E-35  0.00000000E+00   47.568757
   9.769 -0.14887104E-17  0.22162588E-35  0.00000000E+00   47.718935
   9.785 -0.12829412E-17  0.16459382E-35  0.00000000E+00   47.869349
   9.800 -0.11041629E-17  0.12191758E-35  0.00000000E+00   48.020000
   9.815 -0.94869335E-18  0.90001907E-36  0.00000000E+00   48.170888
   9.831 -0.81331849E-18  0.66148697E-36  0.00000000E+00   48.322012
   9.846 -0.69522930E-18  0.48334378E-36  0.00000000E+00   48.473373
   9.862 -0.59196595E-18  0.35042369E-36  0.00000000E+00   48.624970
   9.877 -0.50136894E-18  0.25137082E-36  0.00000000E+00   48.776805
   9.892 -0.42153588E-18  0.17769250E-36  0.00000000E+00   48.928876
   9.908 -0.35078324E-18  0.12304888E-36  0.00000000E+00   49.081183
   9.923 -0.28761224E-18  0.82720803E-37  0.00000000E+00   49.233728
   9.938 -0.23067833E-18  0.53212490E-37  0.00000000E+00   49.386509
   9.954 -0.17876350E-18  0.31956389E-37  0.00000000E+00   49.539527
   9.969 -0.13075111E-18  0.17095851E-37  0.00000000E+00   49.692781
   9.985 -0.85602424E-19  0.73277750E-38  0.00000000E+00   49.846272
  10.000 -0.42334684E-19  0.17922254E-38  0.00000000E+00   50.000000


