#   x         y(x)            y(x)^2      classical p(x)    V
 -10.000  0.48775722E-19  0.23790711E-38  0.00000000E+00   50.000000
  -9.982  0.99053853E-19  0.98116658E-38  0.00000000E+00   49.818347
  -9.964  0.15237210E-18  0.23217258E-37  0.00000000E+00   49.637025
  -9.945  0.21034902E-18  0.44246710E-37  0.00000000E+00   49.456033
  -9.927  0.27473222E-18  0.75477792E-37  0.00000000E+00   49.275372
  -9.909  0.34744977E-18  0.12072134E-36  0.00000000E+00   49.095041
  -9.891  0.43066619E-18  0.18547337E-36  0.00000000E+00   48.915041
  -9.873  0.52684467E-18  0.27756530E-36  0.00000000E+00   48.735372
  -9.855  0.63881716E-18  0.40808736E-36  0.00000000E+00   48.556033
  -9.836  0.76986441E-18  0.59269121E-36  0.00000000E+00   48.377025
  -9.818  0.92380795E-18  0.85342112E-36  0.00000000E+00   48.198347
  -9.800  0.11051165E-17  0.12212826E-35  0.00000000E+00   48.020000
  -9.782  0.13190300E-17  0.17398402E-35  0.00000000E+00   47.841983
  -9.764  0.15717037E-17  0.24702525E-35  0.00000000E+00   47.664298
  -9.745  0.18703770E-17  0.34983100E-35  0.00000000E+00   47.486942
  -9.727  0.22235708E-17  0.49442672E-35  0.00000000E+00   47.309917
  -9.709  0.26413193E-17  0.69765676E-35  0.00000000E+00   47.133223
  -9.691  0.31354404E-17  0.98309866E-35  0.00000000E+00   46.956860
  -9.673  0.37198542E-17  0.13837315E-34  0.00000000E+00   46.780826
  -9.655  0.44109553E-17  0.19456526E-34  0.00000000E+00   46.605124
  -9.636  0.52280500E-17  0.27332507E-34  0.00000000E+00   46.429752
  -9.618  0.61938687E-17  0.38364010E-34  0.00000000E+00   46.254711
  -9.600  0.73351663E-17  0.53804665E-34  0.00000000E+00   46.080000
  -9.582  0.86834257E-17  0.75401882E-34  0.00000000E+00   45.905620
  -9.564  0.10275682E-16  0.10558965E-33  0.00000000E+00   45.731570
  -9.545  0.12155489E-16  0.14775592E-33  0.00000000E+00   45.557851
  -9.527  0.14374048E-16  0.20661327E-33  0.00000000E+00   45.384463
  -9.509  0.16991531E-16  0.28871213E-33  0.00000000E+00   45.211405
  -9.491  0.20078628E-16  0.40315130E-33  0.00000000E+00   45.038678
  -9.473  0.23718357E-16  0.56256047E-33  0.00000000E+00   44.866281
  -9.455  0.28008181E-16  0.78445820E-33  0.00000000E+00   44.694215
  -9.436  0.33062478E-16  0.10931275E-32  0.00000000E+00   44.522479
  -9.418  0.39015434E-16  0.15222041E-32  0.00000000E+00   44.351074
  -9.400  0.46024411E-16  0.21182464E-32  0.00000000E+00   44.180000
  -9.382  0.54273893E-16  0.29456554E-32  0.00000000E+00   44.009256
  -9.364  0.63980074E-16  0.40934499E-32  0.00000000E+00   43.838843
  -9.345  0.75396228E-16  0.56845912E-32  0.00000000E+00   43.668760
  -9.327  0.88818953E-16  0.78888064E-32  0.00000000E+00   43.499008
  -9.309  0.10459547E-15  0.10940212E-31  0.00000000E+00   43.329587
  -9.291  0.12313210E-15  0.15161513E-31  0.00000000E+00   43.160496
  -9.273  0.14490417E-15  0.20997219E-31  0.00000000E+00   42.991736
  -9.255  0.17046754E-15  0.29059182E-31  0.00000000E+00   42.823306
  -9.236  0.20047198E-15  0.40189015E-31  0.00000000E+00   42.655207
  -9.218  0.23567681E-15  0.55543559E-31  0.00000000E+00   42.487438
  -9.200  0.27696901E-15  0.76711833E-31  0.00000000E+00   42.320000
  -9.182  0.32538434E-15  0.10587497E-30  0.00000000E+00   42.152893
  -9.164  0.38213186E-15  0.14602476E-30  0.00000000E+00   41.986116
  -9.145  0.44862240E-15  0.20126206E-30  0.00000000E+00   41.819669
  -9.127  0.52650166E-15  0.27720400E-30  0.00000000E+00   41.653554
  -9.109  0.61768862E-15  0.38153923E-30  0.00000000E+00   41.487769
  -9.091  0.72442012E-15  0.52478450E-30  0.00000000E+00   41.322314
  -9.073  0.84930254E-15  0.72131480E-30  0.00000000E+00   41.157190
  -9.055  0.99537183E-15  0.99076508E-30  0.00000000E+00   40.992397
  -9.036  0.11661630E-14  0.13599361E-29  0.00000000E+00   40.827934
  -9.018  0.13657905E-14  0.18653838E-29  0.00000000E+00   40.663802
  -9.000  0.15990421E-14  0.25569355E-29  0.00000000E+00   40.500000
  -8.982  0.18714860E-14  0.35024599E-29  0.00000000E+00   40.336529
  -8.964  0.21895969E-14  0.47943347E-29  0.00000000E+00   40.173388
  -8.945  0.25609000E-14  0.65582089E-29  0.00000000E+00   40.010579
  -8.927  0.29941387E-14  0.89648664E-29  0.00000000E+00   39.848099
  -8.909  0.34994679E-14  0.12246276E-28  0.00000000E+00   39.685950
  -8.891  0.40886780E-14  0.16717288E-28  0.00000000E+00   39.524132
  -8.873  0.47754530E-14  0.22804952E-28  0.00000000E+00   39.362645
  -8.855  0.55756690E-14  0.31088085E-28  0.00000000E+00   39.201488
  -8.836  0.65077389E-14  0.42350665E-28  0.00000000E+00   39.040661
  -8.818  0.75930095E-14  0.57653793E-28  0.00000000E+00   38.880165
  -8.800  0.88562209E-14  0.78432649E-28  0.00000000E+00   38.720000
  -8.782  0.10326035E-13  0.10662699E-27  0.00000000E+00   38.560165
  -8.764  0.12035644E-13  0.14485674E-27  0.00000000E+00   38.400661
  -8.745  0.14023477E-13  0.19665791E-27  0.00000000E+00   38.241488
  -8.727  0.16334003E-13  0.26679967E-27  0.00000000E+00   38.082645
  -8.709  0.19018669E-13  0.36170977E-27  0.00000000E+00   37.924132
  -8.691  0.22136967E-13  0.49004531E-27  0.00000000E+00   37.765950
  -8.673  0.25757672E-13  0.66345768E-27  0.00000000E+00   37.608099
  -8.655  0.29960260E-13  0.89761716E-27  0.00000000E+00   37.450579
  -8.636  0.34836537E-13  0.12135843E-26  0.00000000E+00   37.293388
  -8.618  0.40492519E-13  0.16396441E-26  0.00000000E+00   37.136529
  -8.600  0.47050583E-13  0.22137573E-26  0.00000000E+00   36.980000
  -8.582  0.54651939E-13  0.29868345E-26  0.00000000E+00   36.823802
  -8.564  0.63459476E-13  0.40271051E-26  0.00000000E+00   36.667934
  -8.545  0.73661015E-13  0.54259452E-26  0.00000000E+00   36.512397
  -8.527  0.85473050E-13  0.73056422E-26  0.00000000E+00   36.357190
  -8.509  0.99145031E-13  0.98297372E-26  0.00000000E+00   36.202314
  -8.491  0.11496428E-12  0.13216786E-25  0.00000000E+00   36.047769
  -8.473  0.13326163E-12  0.17758662E-25  0.00000000E+00   35.893554
  -8.455  0.15441784E-12  0.23844869E-25  0.00000000E+00   35.739669
  -8.436  0.17887101E-12  0.31994838E-25  0.00000000E+00   35.586116
  -8.418  0.20712502E-12  0.42900775E-25  0.00000000E+00   35.432893
  -8.400  0.23975919E-12  0.57484470E-25  0.00000000E+00   35.280000
  -8.382  0.27743933E-12  0.76972580E-25  0.00000000E+00   35.127438
  -8.364  0.32093036E-12  0.10299630E-24  0.00000000E+00   34.975207
  -8.345  0.37111079E-12  0.13772322E-24  0.00000000E+00   34.823306
  -8.327  0.42898918E-12  0.18403172E-24  0.00000000E+00   34.671736
  -8.309  0.49572296E-12  0.24574125E-24  0.00000000E+00   34.520496
  -8.291  0.57263995E-12  0.32791651E-24  0.00000000E+00   34.369587
  -8.273  0.66126286E-12  0.43726856E-24  0.00000000E+00   34.219008
  -8.255  0.76333727E-12  0.58268379E-24  0.00000000E+00   34.068760
  -8.236  0.88086352E-12  0.77592055E-24  0.00000000E+00   33.918843
  -8.218  0.10161330E-11  0.10325264E-23  0.00000000E+00   33.769256
  -8.200  0.11717698E-11  0.13730444E-23  0.00000000E+00   33.620000
  -8.182  0.13507772E-11  0.18245991E-23  0.00000000E+00   33.471074
  -8.164  0.15565922E-11  0.24229794E-23  0.00000000E+00   33.322479
  -8.145  0.17931460E-11  0.32153728E-23  0.00000000E+00   33.174215
  -8.127  0.20649336E-11  0.42639510E-23  0.00000000E+00   33.026281
  -8.109  0.23770928E-11  0.56505703E-23  0.00000000E+00   32.878678
  -8.091  0.27354939E-11  0.74829269E-23  0.00000000E+00   32.731405
  -8.073  0.31468417E-11  0.99026128E-23  0.00000000E+00   32.584463
  -8.055  0.36187914E-11  0.13095651E-22  0.00000000E+00   32.437851
  -8.036  0.41600800E-11  0.17306265E-22  0.00000000E+00   32.291570
  -8.018  0.47806753E-11  0.22854856E-22  0.00000000E+00   32.145620
  -8.000  0.54919455E-11  0.30161465E-22  0.00000000E+00   32.000000
  -7.982  0.63068509E-11  0.39776368E-22  0.00000000E+00   31.854711
  -7.964  0.72401615E-11  0.52419938E-22  0.00000000E+00   31.709752
  -7.945  0.83087031E-11  0.69034548E-22  0.00000000E+00   31.565124
  -7.927  0.95316372E-11  0.90852108E-22  0.00000000E+00   31.420826
  -7.909  0.10930776E-10  0.11948187E-21  0.00000000E+00   31.276860
  -7.891  0.12530942E-10  0.15702450E-21  0.00000000E+00   31.133223
  -7.873  0.14360368E-10  0.20622017E-21  0.00000000E+00   30.989917
  -7.855  0.16451162E-10  0.27064072E-21  0.00000000E+00   30.846942
  -7.836  0.18839816E-10  0.35493868E-21  0.00000000E+00   30.704298
  -7.818  0.21567799E-10  0.46516994E-21  0.00000000E+00   30.561983
  -7.800  0.24682207E-10  0.60921137E-21  0.00000000E+00   30.420000
  -7.782  0.28236520E-10  0.79730104E-21  0.00000000E+00   30.278347
  -7.764  0.32291430E-10  0.10427365E-20  0.00000000E+00   30.137025
  -7.745  0.36915803E-10  0.13627765E-20  0.00000000E+00   29.996033
  -7.727  0.42187737E-10  0.17798051E-20  0.00000000E+00   29.855372
  -7.709  0.48195776E-10  0.23228328E-20  0.00000000E+00   29.715041
  -7.691  0.55040267E-10  0.30294310E-20  0.00000000E+00   29.575041
  -7.673  0.62834888E-10  0.39482232E-20  0.00000000E+00   29.435372
  -7.655  0.71708376E-10  0.51420912E-20  0.00000000E+00   29.296033
  -7.636  0.81806463E-10  0.66922974E-20  0.00000000E+00   29.157025
  -7.618  0.93294060E-10  0.87037817E-20  0.00000000E+00   29.018347
  -7.600  0.10635771E-09  0.11311963E-19  0.00000000E+00   28.880000
  -7.582  0.12120835E-09  0.14691464E-19  0.00000000E+00   28.741983
  -7.564  0.13808440E-09  0.19067302E-19  0.00000000E+00   28.604298
  -7.545  0.15725527E-09  0.24729219E-19  0.00000000E+00   28.466942
  -7.527  0.17902522E-09  0.32050030E-19  0.00000000E+00   28.329917
  -7.509  0.20373782E-09  0.41509100E-19  0.00000000E+00   28.193223
  -7.491  0.23178080E-09  0.53722339E-19  0.00000000E+00   28.056860
  -7.473  0.26359161E-09  0.69480538E-19  0.00000000E+00   27.920826
  -7.455  0.29966360E-09  0.89798276E-19  0.00000000E+00   27.785124
  -7.436  0.34055296E-09  0.11597632E-18  0.00000000E+00   27.649752
  -7.418  0.38688644E-09  0.14968112E-18  0.00000000E+00   27.514711
  -7.400  0.43937012E-09  0.19304610E-18  0.00000000E+00   27.380000
  -7.382  0.49879908E-09  0.24880053E-18  0.00000000E+00   27.245620
  -7.364  0.56606831E-09  0.32043334E-18  0.00000000E+00   27.111570
  -7.345  0.64218487E-09  0.41240141E-18  0.00000000E+00   26.977851
  -7.327  0.72828150E-09  0.53039395E-18  0.00000000E+00   26.844463
  -7.309  0.82563183E-09  0.68166792E-18  0.00000000E+00   26.711405
  -7.291  0.93566734E-09  0.87547337E-18  0.00000000E+00   26.578678
  -7.273  0.10599963E-08  0.11235922E-17  0.00000000E+00   26.446281
  -7.255  0.12004251E-08  0.14410204E-17  0.00000000E+00   26.314215
  -7.236  0.13589814E-08  0.18468304E-17  0.00000000E+00   26.182479
  -7.218  0.15379410E-08  0.23652625E-17  0.00000000E+00   26.051074
  -7.200  0.17398568E-08  0.30271017E-17  0.00000000E+00   25.920000
  -7.182  0.19675916E-08  0.38714165E-17  0.00000000E+00   25.789256
  -7.164  0.22243543E-08  0.49477521E-17  0.00000000E+00   25.658843
  -7.145  0.25137409E-08  0.63188932E-17  0.00000000E+00   25.528760
  -7.127  0.28397789E-08  0.80643440E-17  0.00000000E+00   25.399008
  -7.109  0.32069779E-08  0.10284707E-16  0.00000000E+00   25.269587
  -7.091  0.36203852E-08  0.13107189E-16  0.00000000E+00   25.140496
  -7.073  0.40856478E-08  0.16692518E-16  0.00000000E+00   25.011736
  -7.055  0.46090811E-08  0.21243629E-16  0.00000000E+00   24.883306
  -7.036  0.51977454E-08  0.27016557E-16  0.00000000E+00   24.755207
  -7.018  0.58595307E-08  0.34334100E-16  0.00000000E+00   24.627438
  -7.000  0.66032507E-08  0.43602920E-16  0.00000000E+00   24.500000
  -6.982  0.74387475E-08  0.55334964E-16  0.00000000E+00   24.372893
  -6.964  0.83770068E-08  0.70174242E-16  0.00000000E+00   24.246116
  -6.945  0.94302865E-08  0.88930304E-16  0.00000000E+00   24.119669
  -6.927  0.10612259E-07  0.11262003E-15  0.00000000E+00   23.993554
  -6.909  0.11938166E-07  0.14251982E-15  0.00000000E+00   23.867769
  -6.891  0.13424998E-07  0.18023058E-15  0.00000000E+00   23.742314
  -6.873  0.15091681E-07  0.22775883E-15  0.00000000E+00   23.617190
  -6.855  0.16959291E-07  0.28761754E-15  0.00000000E+00   23.492397
  -6.836  0.19051291E-07  0.36295168E-15  0.00000000E+00   23.367934
  -6.818  0.21393789E-07  0.45769422E-15  0.00000000E+00   23.243802
  -6.800  0.24015828E-07  0.57675997E-15  0.00000000E+00   23.120000
  -6.782  0.26949697E-07  0.72628614E-15  0.00000000E+00   22.996529
  -6.764  0.30231286E-07  0.91393065E-15  0.00000000E+00   22.873388
  -6.745  0.33900471E-07  0.11492419E-14  0.00000000E+00   22.750579
  -6.727  0.38001535E-07  0.14441167E-14  0.00000000E+00   22.628099
  -6.709  0.42583642E-07  0.18133665E-14  0.00000000E+00   22.505950
  -6.691  0.47701347E-07  0.22754185E-14  0.00000000E+00   22.384132
  -6.673  0.53415171E-07  0.28531805E-14  0.00000000E+00   22.262645
  -6.655  0.59792218E-07  0.35751093E-14  0.00000000E+00   22.141488
  -6.636  0.66906870E-07  0.44765293E-14  0.00000000E+00   22.020661
  -6.618  0.74841539E-07  0.56012560E-14  0.00000000E+00   21.900165
  -6.600  0.83687499E-07  0.70035975E-14  0.00000000E+00   21.780000
  -6.582  0.93545799E-07  0.87508166E-14  0.00000000E+00   21.660165
  -6.564  0.10452827E-06  0.10926159E-13  0.00000000E+00   21.540661
  -6.545  0.11675861E-06  0.13632572E-13  0.00000000E+00   21.421488
  -6.527  0.13037361E-06  0.16997278E-13  0.00000000E+00   21.302645
  -6.509  0.14552448E-06  0.21177373E-13  0.00000000E+00   21.184132
  -6.491  0.16237827E-06  0.26366701E-13  0.00000000E+00   21.065950
  -6.473  0.18111949E-06  0.32804270E-13  0.00000000E+00   20.948099
  -6.455  0.20195185E-06  0.40784552E-13  0.00000000E+00   20.830579
  -6.436  0.22510016E-06  0.50670083E-13  0.00000000E+00   20.713388
  -6.418  0.25081240E-06  0.62906859E-13  0.00000000E+00   20.596529
  -6.400  0.27936202E-06  0.78043136E-13  0.00000000E+00   20.480000
  -6.382  0.31105043E-06  0.96752373E-13  0.00000000E+00   20.363802
  -6.364  0.34620975E-06  0.11986119E-12  0.00000000E+00   20.247934
  -6.345  0.38520572E-06  0.14838345E-12  0.00000000E+00   20.132397
  -6.327  0.42844103E-06  0.18356172E-12  0.00000000E+00   20.017190
  -6.309  0.47635880E-06  0.22691771E-12  0.00000000E+00   19.902314
  -6.291  0.52944649E-06  0.28031358E-12  0.00000000E+00   19.787769
  -6.273  0.58824009E-06  0.34602640E-12  0.00000000E+00   19.673554
  -6.255  0.65332873E-06  0.42683843E-12  0.00000000E+00   19.559669
  -6.236  0.72535969E-06  0.52614669E-12  0.00000000E+00   19.446116
  -6.218  0.80504383E-06  0.64809557E-12  0.00000000E+00   19.332893
  -6.200  0.89316151E-06  0.79773749E-12  0.00000000E+00   19.220000
  -6.182  0.99056908E-06  0.98122710E-12  0.00000000E+00   19.107438
  -6.164  0.10982058E-05  0.12060561E-11  0.00000000E+00   18.995207
  -6.145  0.12171017E-05  0.14813365E-11  0.00000000E+00   18.883306
  -6.127  0.13483854E-05  0.18181432E-11  0.00000000E+00   18.771736
  -6.109  0.14932936E-05  0.22299257E-11  0.00000000E+00   18.660496
  -6.091  0.16531804E-05  0.27330054E-11  0.00000000E+00   18.549587
  -6.073  0.18295282E-05  0.33471735E-11  0.00000000E+00   18.439008
  -6.055  0.20239590E-05  0.40964101E-11  0.00000000E+00   18.328760
  -6.036  0.22382468E-05  0.50097486E-11  0.00000000E+00   18.218843
  -6.018  0.24743309E-05  0.61223136E-11  0.00000000E+00   18.109256
  -6.000  0.27343310E-05  0.74765660E-11  0.00000000E+00   18.000000
  -5.982  0.30205622E-05  0.91237960E-11  0.00000000E+00   17.891074
  -5.964  0.33355526E-05  0.11125911E-10  0.00000000E+00   17.782479
  -5.945  0.36820614E-05  0.13557576E-10  0.00000000E+00   17.674215
  -5.927  0.40630988E-05  0.16508772E-10  0.00000000E+00   17.566281
  -5.909  0.44819479E-05  0.20087857E-10  0.00000000E+00   17.458678
  -5.891  0.49421869E-05  0.24425212E-10  0.00000000E+00   17.351405
  -5.873  0.54477153E-05  0.29677602E-10  0.00000000E+00   17.244463
  -5.855  0.60027797E-05  0.36033365E-10  0.00000000E+00   17.137851
  -5.836  0.66120038E-05  0.43718594E-10  0.00000000E+00   17.031570
  -5.818  0.72804189E-05  0.53004499E-10  0.00000000E+00   16.925620
  -5.800  0.80134980E-05  0.64216150E-10  0.00000000E+00   16.820000
  -5.782  0.88171919E-05  0.77742872E-10  0.00000000E+00   16.714711
  -5.764  0.96979681E-05  0.94050585E-10  0.00000000E+00   16.609752
  -5.745  0.10662853E-04  0.11369643E-09  0.00000000E+00   16.505124
  -5.727  0.11719475E-04  0.13734610E-09  0.00000000E+00   16.400826
  -5.709  0.12876118E-04  0.16579441E-09  0.00000000E+00   16.296860
  -5.691  0.14141765E-04  0.19998950E-09  0.00000000E+00   16.193223
  -5.673  0.15526160E-04  0.24106165E-09  0.00000000E+00   16.089917
  -5.655  0.17039868E-04  0.29035710E-09  0.00000000E+00   15.986942
  -5.636  0.18694333E-04  0.34947809E-09  0.00000000E+00   15.884298
  -5.618  0.20501952E-04  0.42033004E-09  0.00000000E+00   15.781983
  -5.600  0.22476145E-04  0.50517710E-09  0.00000000E+00   15.680000
  -5.582  0.24631435E-04  0.60670759E-09  0.00000000E+00   15.578347
  -5.564  0.26983530E-04  0.72811089E-09  0.00000000E+00   15.477025
  -5.545  0.29549413E-04  0.87316784E-09  0.00000000E+00   15.376033
  -5.527  0.32347439E-04  0.10463568E-08  0.00000000E+00   15.275372
  -5.509  0.35397433E-04  0.12529783E-08  0.00000000E+00   15.175041
  -5.491  0.38720803E-04  0.14993006E-08  0.00000000E+00   15.075041
  -5.473  0.42340651E-04  0.17927308E-08  0.00000000E+00   14.975372
  -5.455  0.46281902E-04  0.21420144E-08  0.00000000E+00   14.876033
  -5.436  0.50571428E-04  0.25574694E-08  0.00000000E+00   14.777025
  -5.418  0.55238196E-04  0.30512583E-08  0.00000000E+00   14.678347
  -5.400  0.60313409E-04  0.36377073E-08  0.00000000E+00   14.580000
  -5.382  0.65830669E-04  0.43336770E-08  0.00000000E+00   14.481983
  -5.364  0.71826142E-04  0.51589947E-08  0.00000000E+00   14.384298
  -5.345  0.78338736E-04  0.61369576E-08  0.00000000E+00   14.286942
  -5.327  0.85410293E-04  0.72949181E-08  0.00000000E+00   14.189917
  -5.309  0.93085783E-04  0.86649630E-08  0.00000000E+00   14.093223
  -5.291  0.10141352E-03  0.10284703E-07  0.00000000E+00   13.996860
  -5.273  0.11044540E-03  0.12198186E-07  0.00000000E+00   13.900826
  -5.255  0.12023710E-03  0.14456959E-07  0.00000000E+00   13.805124
  -5.236  0.13084837E-03  0.17121295E-07  0.00000000E+00   13.709752
  -5.218  0.14234328E-03  0.20261610E-07  0.00000000E+00   13.614711
  -5.200  0.15479051E-03  0.23960102E-07  0.00000000E+00   13.520000
  -5.182  0.16826363E-03  0.28312649E-07  0.00000000E+00   13.425620
  -5.164  0.18284142E-03  0.33430986E-07  0.00000000E+00   13.331570
  -5.145  0.19860821E-03  0.39445223E-07  0.00000000E+00   13.237851
  -5.127  0.21565421E-03  0.46506740E-07  0.00000000E+00   13.144463
  -5.109  0.23407589E-03  0.54791521E-07  0.00000000E+00   13.051405
  -5.091  0.25397633E-03  0.64503977E-07  0.00000000E+00   12.958678
  -5.073  0.27546568E-03  0.75881342E-07  0.00000000E+00   12.866281
  -5.055  0.29866153E-03  0.89198712E-07  0.00000000E+00   12.774215
  -5.036  0.32368939E-03  0.10477482E-06  0.00000000E+00   12.682479
  -5.018  0.35068312E-03  0.12297865E-06  0.00000000E+00   12.591074
  -5.000  0.37978546E-03  0.14423700E-06  0.00000000E+00   12.500000
  -4.982  0.41114850E-03  0.16904309E-06  0.00000000E+00   12.409256
  -4.964  0.44493425E-03  0.19796649E-06  0.00000000E+00   12.318843
  -4.945  0.48131518E-03  0.23166430E-06  0.00000000E+00   12.228760
  -4.927  0.52047478E-03  0.27089399E-06  0.00000000E+00   12.139008
  -4.909  0.56260822E-03  0.31652801E-06  0.00000000E+00   12.049587
  -4.891  0.60792295E-03  0.36957032E-06  0.00000000E+00   11.960496
  -4.873  0.65663937E-03  0.43117526E-06  0.00000000E+00   11.871736
  -4.855  0.70899150E-03  0.50266894E-06  0.00000000E+00   11.783306
  -4.836  0.76522772E-03  0.58557347E-06  0.00000000E+00   11.695207
  -4.818  0.82561152E-03  0.68163438E-06  0.00000000E+00   11.607438
  -4.800  0.89042222E-03  0.79285173E-06  0.00000000E+00   11.520000
  -4.782  0.95995582E-03  0.92151518E-06  0.00000000E+00   11.432893
  -4.764  0.10345258E-02  0.10702437E-05  0.00000000E+00   11.346116
  -4.745  0.11144640E-02  0.12420300E-05  0.00000000E+00   11.259669
  -4.727  0.12001215E-02  0.14402916E-05  0.00000000E+00   11.173554
  -4.709  0.12918695E-02  0.16689267E-05  0.00000000E+00   11.087769
  -4.691  0.13901002E-02  0.19323786E-05  0.00000000E+00   11.002314
  -4.673  0.14952281E-02  0.22357069E-05  0.00000000E+00   10.917190
  -4.655  0.16076904E-02  0.25846684E-05  0.00000000E+00   10.832397
  -4.636  0.17279487E-02  0.29858067E-05  0.00000000E+00   10.747934
  -4.618  0.18564895E-02  0.34465534E-05  0.00000000E+00   10.663802
  -4.600  0.19938257E-02  0.39753411E-05  0.00000000E+00   10.580000
  -4.582  0.21404974E-02  0.45817290E-05  0.00000000E+00   10.496529
  -4.564  0.22970730E-02  0.52765444E-05  0.00000000E+00   10.413388
  -4.545  0.24641507E-02  0.60720389E-05  0.00000000E+00   10.330579
  -4.527  0.26423595E-02  0.69820635E-05  0.00000000E+00   10.248099
  -4.509  0.28323600E-02  0.80222629E-05  0.00000000E+00   10.165950
  -4.491  0.30348462E-02  0.92102915E-05  0.00000000E+00   10.084132
  -4.473  0.32505466E-02  0.10566053E-04  0.00000000E+00   10.002645
  -4.455  0.34802249E-02  0.12111966E-04  0.00000000E+00    9.921488
  -4.436  0.37246822E-02  0.13873257E-04  0.00000000E+00    9.840661
  -4.418  0.39847572E-02  0.15878290E-04  0.00000000E+00    9.760165
  -4.400  0.42613284E-02  0.18158919E-04  0.00000000E+00    9.680000
  -4.382  0.45553146E-02  0.20750891E-04  0.00000000E+00    9.600165
  -4.364  0.48676767E-02  0.23694277E-04  0.00000000E+00    9.520661
  -4.345  0.51994189E-02  0.27033956E-04  0.00000000E+00    9.441488
  -4.327  0.55515894E-02  0.30820145E-04  0.00000000E+00    9.362645
  -4.309  0.59252826E-02  0.35108974E-04  0.00000000E+00    9.284132
  -4.291  0.63216394E-02  0.39963124E-04  0.00000000E+00    9.205950
  -4.273  0.67418488E-02  0.45452525E-04  0.00000000E+00    9.128099
  -4.255  0.71871492E-02  0.51655114E-04  0.00000000E+00    9.050579
  -4.236  0.76588293E-02  0.58657667E-04  0.00000000E+00    8.973388
  -4.218  0.81582294E-02  0.66556707E-04  0.00000000E+00    8.896529
  -4.200  0.86867421E-02  0.75459488E-04  0.00000000E+00    8.820000
  -4.182  0.92458136E-02  0.85485070E-04  0.00000000E+00    8.743802
  -4.164  0.98369448E-02  0.96765484E-04  0.00000000E+00    8.667934
  -4.145  0.10461692E-01  0.10944699E-03  0.00000000E+00    8.592397
  -4.127  0.11121667E-01  0.12369147E-03  0.00000000E+00    8.517190
  -4.109  0.11818538E-01  0.13967785E-03  0.00000000E+00    8.442314
  -4.091  0.12554034E-01  0.15760377E-03  0.00000000E+00    8.367769
  -4.073  0.13329938E-01  0.17768724E-03  0.00000000E+00    8.293554
  -4.055  0.14148093E-01  0.20016853E-03  0.00000000E+00    8.219669
  -4.036  0.15010401E-01  0.22531214E-03  0.00000000E+00    8.146116
  -4.018  0.15918823E-01  0.25340894E-03  0.00000000E+00    8.072893
  -4.000  0.16875380E-01  0.28477844E-03  0.00000000E+00    8.000000
  -3.982  0.17882149E-01  0.31977124E-03  0.00000000E+00    7.927438
  -3.964  0.18941267E-01  0.35877161E-03  0.00000000E+00    7.855207
  -3.945  0.20054932E-01  0.40220030E-03  0.00000000E+00    7.783306
  -3.927  0.21225396E-01  0.45051742E-03  0.00000000E+00    7.711736
  -3.909  0.22454969E-01  0.50422561E-03  0.00000000E+00    7.640496
  -3.891  0.23746017E-01  0.56387332E-03  0.00000000E+00    7.569587
  -3.873  0.25100962E-01  0.63005827E-03  0.00000000E+00    7.499008
  -3.855  0.26522277E-01  0.70343117E-03  0.00000000E+00    7.428760
  -3.836  0.28012489E-01  0.78469952E-03  0.00000000E+00    7.358843
  -3.818  0.29574173E-01  0.87463168E-03  0.00000000E+00    7.289256
  -3.800  0.31209952E-01  0.97406112E-03  0.00000000E+00    7.220000
  -3.782  0.32922496E-01  0.10838908E-02  0.00000000E+00    7.151074
  -3.764  0.34714517E-01  0.12050977E-02  0.00000000E+00    7.082479
  -3.745  0.36588764E-01  0.13387377E-02  0.00000000E+00    7.014215
  -3.727  0.38548026E-01  0.14859503E-02  0.00000000E+00    6.946281
  -3.709  0.40595124E-01  0.16479641E-02  0.00000000E+00    6.878678
  -3.691  0.42732907E-01  0.18261013E-02  0.00000000E+00    6.811405
  -3.673  0.44964248E-01  0.20217836E-02  0.00000000E+00    6.744463
  -3.655  0.47292044E-01  0.22365375E-02  0.00000000E+00    6.677851
  -3.636  0.49719204E-01  0.24719993E-02  0.00000000E+00    6.611570
  -3.618  0.52248649E-01  0.27299213E-02  0.00000000E+00    6.545620
  -3.600  0.54883303E-01  0.30121770E-02  0.00000000E+00    6.480000
  -3.582  0.57626090E-01  0.33207663E-02  0.00000000E+00    6.414711
  -3.564  0.60479926E-01  0.36578215E-02  0.00000000E+00    6.349752
  -3.545  0.63447713E-01  0.40256122E-02  0.00000000E+00    6.285124
  -3.527  0.66532330E-01  0.44265509E-02  0.00000000E+00    6.220826
  -3.509  0.69736628E-01  0.48631973E-02  0.00000000E+00    6.156860
  -3.491  0.73063422E-01  0.53382637E-02  0.00000000E+00    6.093223
  -3.473  0.76515481E-01  0.58546188E-02  0.00000000E+00    6.029917
  -3.455  0.80095520E-01  0.64152923E-02  0.00000000E+00    5.966942
  -3.436  0.83806191E-01  0.70234777E-02  0.00000000E+00    5.904298
  -3.418  0.87650076E-01  0.76825358E-02  0.00000000E+00    5.841983
  -3.400  0.91629672E-01  0.83959967E-02  0.00000000E+00    5.780000
  -3.382  0.95747385E-01  0.91675617E-02  0.00000000E+00    5.718347
  -3.364  0.10000552E+00  0.10001104E-01  0.00000000E+00    5.657025
  -3.345  0.10440626E+00  0.10900668E-01  0.00000000E+00    5.596033
  -3.327  0.10895168E+00  0.11870469E-01  0.00000000E+00    5.535372
  -3.309  0.11364371E+00  0.12914892E-01  0.00000000E+00    5.475041
  -3.291  0.11848412E+00  0.14038486E-01  0.00000000E+00    5.415041
  -3.273  0.12347453E+00  0.15245959E-01  0.00000000E+00    5.355372
  -3.255  0.12861639E+00  0.16542175E-01  0.00000000E+00    5.296033
  -3.236  0.13391096E+00  0.17932145E-01  0.00000000E+00    5.237025
  -3.218  0.13935930E+00  0.19421015E-01  0.00000000E+00    5.178347
  -3.200  0.14496227E+00  0.21014059E-01  0.00000000E+00    5.120000
  -3.182  0.15072048E+00  0.22716662E-01  0.00000000E+00    5.061983
  -3.164  0.15663432E+00  0.24534309E-01  0.00000000E+00    5.004298
  -3.145  0.16270392E+00  0.26472565E-01  0.00000000E+00    4.946942
  -3.127  0.16892915E+00  0.28537058E-01  0.00000000E+00    4.889917
  -3.109  0.17530959E+00  0.30733454E-01  0.00000000E+00    4.833223
  -3.091  0.18184454E+00  0.33067438E-01  0.00000000E+00    4.776860
  -3.073  0.18853298E+00  0.35544684E-01  0.00000000E+00    4.720826
  -3.055  0.19537356E+00  0.38170829E-01  0.00000000E+00    4.665124
  -3.036  0.20236462E+00  0.40951439E-01  0.00000000E+00    4.609752
  -3.018  0.20950412E+00  0.43891978E-01  0.00000000E+00    4.554711
  -3.000  0.21678969E+00  0.46997770E-01  0.00000000E+00    4.500000
  -2.982  0.22421856E+00  0.50273961E-01  0.00000000E+00    4.445620
  -2.964  0.23178757E+00  0.53725479E-01  0.00000000E+00    4.391570
  -2.945  0.23949318E+00  0.57356985E-01  0.00000000E+00    4.337851
  -2.927  0.24733143E+00  0.61172836E-01  0.00000000E+00    4.284463
  -2.909  0.25529792E+00  0.65177026E-01  0.00000000E+00    4.231405
  -2.891  0.26338782E+00  0.69373144E-01  0.00000000E+00    4.178678
  -2.873  0.27159587E+00  0.73764318E-01  0.00000000E+00    4.126281
  -2.855  0.27991635E+00  0.78353160E-01  0.00000000E+00    4.074215
  -2.836  0.28834305E+00  0.83141713E-01  0.00000000E+00    4.022479
  -2.818  0.29686932E+00  0.88131391E-01  0.00000000E+00    3.971074
  -2.800  0.30548800E+00  0.93322921E-01  0.00000000E+00    3.920000
  -2.782  0.31419148E+00  0.98716287E-01  0.00000000E+00    3.869256
  -2.764  0.32297162E+00  0.10431067E+00  0.00000000E+00    3.818843
  -2.745  0.33181980E+00  0.11010438E+00  0.00000000E+00    3.768760
  -2.727  0.34072691E+00  0.11609483E+00  0.00000000E+00    3.719008
  -2.709  0.34968330E+00  0.12227841E+00  0.00000000E+00    3.669587
  -2.691  0.35867887E+00  0.12865053E+00  0.00000000E+00    3.620496
  -2.673  0.36770296E+00  0.13520547E+00  0.00000000E+00    3.571736
  -2.655  0.37674446E+00  0.14193639E+00  0.00000000E+00    3.523306
  -2.636  0.38579176E+00  0.14883528E+00  0.14645745E+01    3.475207
  -2.618  0.39483269E+00  0.15589285E+00  0.85611006E+00    3.427438
  -2.600  0.40385464E+00  0.16309857E+00  0.66572448E+00    3.380000
  -2.582  0.41284451E+00  0.17044059E+00  0.56414103E+00    3.332893
  -2.564  0.42178873E+00  0.17790573E+00  0.49865061E+00    3.286116
  -2.545  0.43067326E+00  0.18547946E+00  0.45198432E+00    3.239669
  -2.527  0.43948364E+00  0.19314587E+00  0.41659004E+00    3.193554
  -2.509  0.44820493E+00  0.20088766E+00  0.38857254E+00    3.147769
  -2.491  0.45682181E+00  0.20868617E+00  0.36569252E+00    3.102314
  -2.473  0.46531855E+00  0.21652135E+00  0.34655931E+00    3.057190
  -2.455  0.47367902E+00  0.22437182E+00  0.33025771E+00    3.012397
  -2.436  0.48188677E+00  0.23221485E+00  0.31615752E+00    2.967934
  -2.418  0.48992496E+00  0.24002647E+00  0.30380879E+00    2.923802
  -2.400  0.49777650E+00  0.24778144E+00  0.29288054E+00    2.880000
  -2.382  0.50542396E+00  0.25545338E+00  0.28312315E+00    2.836529
  -2.364  0.51284970E+00  0.26301481E+00  0.27434435E+00    2.793388
  -2.345  0.52003583E+00  0.27043726E+00  0.26639333E+00    2.750579
  -2.327  0.52696427E+00  0.27769134E+00  0.25914989E+00    2.708099
  -2.309  0.53361680E+00  0.28474689E+00  0.25251693E+00    2.665950
  -2.291  0.53997507E+00  0.29157307E+00  0.24641502E+00    2.624132
  -2.273  0.54602064E+00  0.29813854E+00  0.24077847E+00    2.582645
  -2.255  0.55173504E+00  0.30441155E+00  0.23555243E+00    2.541488
  -2.236  0.55709979E+00  0.31036018E+00  0.23069070E+00    2.500661
  -2.218  0.56209647E+00  0.31595244E+00  0.22615403E+00    2.460165
  -2.200  0.56670671E+00  0.32115650E+00  0.22190884E+00    2.420000
  -2.182  0.57091232E+00  0.32594088E+00  0.21792624E+00    2.380165
  -2.164  0.57469525E+00  0.33027463E+00  0.21418118E+00    2.340661
  -2.145  0.57803769E+00  0.33412757E+00  0.21065183E+00    2.301488
  -2.127  0.58092212E+00  0.33747051E+00  0.20731908E+00    2.262645
  -2.109  0.58333134E+00  0.34027545E+00  0.20416612E+00    2.224132
  -2.091  0.58524852E+00  0.34251584E+00  0.20117807E+00    2.185950
  -2.073  0.58665729E+00  0.34416678E+00  0.19834173E+00    2.148099
  -2.055  0.58754173E+00  0.34520529E+00  0.19564534E+00    2.110579
  -2.036  0.58788650E+00  0.34561053E+00  0.19307838E+00    2.073388
  -2.018  0.58767681E+00  0.34536403E+00  0.19063141E+00    2.036529
  -2.000  0.58689856E+00  0.34444992E+00  0.18829592E+00    2.000000
  -1.982  0.58553832E+00  0.34285512E+00  0.18606423E+00    1.963802
  -1.964  0.58358343E+00  0.34056962E+00  0.18392939E+00    1.927934
  -1.945  0.58102205E+00  0.33758662E+00  0.18188509E+00    1.892397
  -1.927  0.57784319E+00  0.33390275E+00  0.17992557E+00    1.857190
  -1.909  0.57403678E+00  0.32951823E+00  0.17804559E+00    1.822314
  -1.891  0.56959373E+00  0.32443702E+00  0.17624034E+00    1.787769
  -1.873  0.56450596E+00  0.31866698E+00  0.17450542E+00    1.753554
  -1.855  0.55876646E+00  0.31221995E+00  0.17283680E+00    1.719669
  -1.836  0.55236934E+00  0.30511189E+00  0.17123075E+00    1.686116
  -1.818  0.54530989E+00  0.29736287E+00  0.16968384E+00    1.652893
  -1.800  0.53758459E+00  0.28899719E+00  0.16819289E+00    1.620000
  -1.782  0.52919120E+00  0.28004333E+00  0.16675497E+00    1.587438
  -1.764  0.52012876E+00  0.27053392E+00  0.16536737E+00    1.555207
  -1.745  0.51039764E+00  0.26050575E+00  0.16402756E+00    1.523306
  -1.727  0.49999959E+00  0.24999959E+00  0.16273318E+00    1.491736
  -1.709  0.48893778E+00  0.23906015E+00  0.16148205E+00    1.460496
  -1.691  0.47721679E+00  0.22773586E+00  0.16027214E+00    1.429587
  -1.673  0.46484268E+00  0.21607871E+00  0.15910154E+00    1.399008
  -1.655  0.45182298E+00  0.20414401E+00  0.15796847E+00    1.368760
  -1.636  0.43816676E+00  0.19199011E+00  0.15687127E+00    1.338843
  -1.618  0.42388458E+00  0.17967814E+00  0.15580837E+00    1.309256
  -1.600  0.40898856E+00  0.16727165E+00  0.15477830E+00    1.280000
  -1.582  0.39349238E+00  0.15483625E+00  0.15377971E+00    1.251074
  -1.564  0.37741124E+00  0.14243925E+00  0.15281128E+00    1.222479
  -1.545  0.36076193E+00  0.13014917E+00  0.15187181E+00    1.194215
  -1.527  0.34356277E+00  0.11803538E+00  0.15096014E+00    1.166281
  -1.509  0.32583364E+00  0.10616756E+00  0.15007520E+00    1.138678
  -1.491  0.30759593E+00  0.94615259E-01  0.14921597E+00    1.111405
  -1.473  0.28887259E+00  0.83447374E-01  0.14838148E+00    1.084463
  -1.455  0.26968803E+00  0.72731631E-01  0.14757083E+00    1.057851
  -1.436  0.25006813E+00  0.62534070E-01  0.14678315E+00    1.031570
  -1.418  0.23004024E+00  0.52918510E-01  0.14601762E+00    1.005620
  -1.400  0.20963308E+00  0.43946028E-01  0.14527347E+00    0.980000
  -1.382  0.18887676E+00  0.35674430E-01  0.14454997E+00    0.954711
  -1.364  0.16780269E+00  0.28157744E-01  0.14384642E+00    0.929752
  -1.345  0.14644358E+00  0.21445722E-01  0.14316217E+00    0.905124
  -1.327  0.12483332E+00  0.15583357E-01  0.14249658E+00    0.880826
  -1.309  0.10300698E+00  0.10610437E-01  0.14184906E+00    0.856860
  -1.291  0.81000711E-01  0.65611153E-02  0.14121904E+00    0.833223
  -1.273  0.58851710E-01  0.34635237E-02  0.14060597E+00    0.809917
  -1.255  0.36598109E-01  0.13394216E-02  0.14000936E+00    0.786942
  -1.236  0.14278928E-01  0.20388777E-03  0.13942869E+00    0.764298
  -1.218 -0.80660216E-02  0.65060705E-04  0.13886351E+00    0.741983
  -1.200 -0.30396210E-01  0.92392961E-03  0.13831338E+00    0.720000
  -1.182 -0.52670486E-01  0.27741801E-02  0.13777786E+00    0.698347
  -1.164 -0.74847162E-01  0.56020976E-02  0.13725654E+00    0.677025
  -1.145 -0.96884112E-01  0.93865311E-02  0.13674905E+00    0.656033
  -1.127 -0.11873887E+00  0.14098919E-01  0.13625500E+00    0.635372
  -1.109 -0.14036873E+00  0.19703380E-01  0.13577406E+00    0.615041
  -1.091 -0.16173084E+00  0.26156866E-01  0.13530586E+00    0.595041
  -1.073 -0.18278234E+00  0.33409384E-01  0.13485010E+00    0.575372
  -1.055 -0.20348042E+00  0.41404280E-01  0.13440645E+00    0.556033
  -1.036 -0.22378246E+00  0.50078588E-01  0.13397463E+00    0.537025
  -1.018 -0.24364614E+00  0.59363444E-01  0.13355435E+00    0.518347
  -1.000 -0.26302957E+00  0.69184552E-01  0.13314534E+00    0.500000
  -0.982 -0.28189133E+00  0.79462720E-01  0.13274733E+00    0.481983
  -0.964 -0.30019067E+00  0.90114438E-01  0.13236007E+00    0.464298
  -0.945 -0.31788758E+00  0.10105251E+00  0.13198333E+00    0.446942
  -0.927 -0.33494289E+00  0.11218674E+00  0.13161687E+00    0.429917
  -0.909 -0.35131843E+00  0.12342464E+00  0.13126048E+00    0.413223
  -0.891 -0.36697708E+00  0.13467218E+00  0.13091393E+00    0.396860
  -0.873 -0.38188293E+00  0.14583457E+00  0.13057704E+00    0.380826
  -0.855 -0.39600135E+00  0.15681707E+00  0.13024960E+00    0.365124
  -0.836 -0.40929912E+00  0.16752577E+00  0.12993143E+00    0.349752
  -0.818 -0.42174453E+00  0.17786845E+00  0.12962235E+00    0.334711
  -0.800 -0.43330748E+00  0.18775537E+00  0.12932218E+00    0.320000
  -0.782 -0.44395956E+00  0.19710009E+00  0.12903077E+00    0.305620
  -0.764 -0.45367416E+00  0.20582024E+00  0.12874795E+00    0.291570
  -0.745 -0.46242656E+00  0.21383832E+00  0.12847357E+00    0.277851
  -0.727 -0.47019399E+00  0.22108239E+00  0.12820749E+00    0.264463
  -0.709 -0.47695577E+00  0.22748680E+00  0.12794956E+00    0.251405
  -0.691 -0.48269331E+00  0.23299283E+00  0.12769966E+00    0.238678
  -0.673 -0.48739023E+00  0.23754923E+00  0.12745765E+00    0.226281
  -0.655 -0.49103241E+00  0.24111283E+00  0.12722341E+00    0.214215
  -0.636 -0.49360807E+00  0.24364892E+00  0.12699682E+00    0.202479
  -0.618 -0.49510777E+00  0.24513170E+00  0.12677777E+00    0.191074
  -0.600 -0.49552452E+00  0.24554455E+00  0.12656615E+00    0.180000
  -0.582 -0.49485378E+00  0.24488027E+00  0.12636185E+00    0.169256
  -0.564 -0.49309351E+00  0.24314121E+00  0.12616479E+00    0.158843
  -0.545 -0.49024420E+00  0.24033938E+00  0.12597485E+00    0.148760
  -0.527 -0.48630887E+00  0.23649631E+00  0.12579196E+00    0.139008
  -0.509 -0.48129310E+00  0.23164305E+00  0.12561602E+00    0.129587
  -0.491 -0.47520505E+00  0.22581983E+00  0.12544695E+00    0.120496
  -0.473 -0.46805541E+00  0.21907587E+00  0.12528467E+00    0.111736
  -0.455 -0.45985747E+00  0.21146889E+00  0.12512911E+00    0.103306
  -0.436 -0.45062700E+00  0.20306470E+00  0.12498020E+00    0.095207
  -0.418 -0.44038234E+00  0.19393661E+00  0.12483786E+00    0.087438
  -0.400 -0.42914427E+00  0.18416481E+00  0.12470204E+00    0.080000
  -0.382 -0.41693604E+00  0.17383566E+00  0.12457266E+00    0.072893
  -0.364 -0.40378329E+00  0.16304095E+00  0.12444968E+00    0.066116
  -0.345 -0.38971401E+00  0.15187701E+00  0.12433303E+00    0.059669
  -0.327 -0.37475846E+00  0.14044391E+00  0.12422266E+00    0.053554
  -0.309 -0.35894916E+00  0.12884450E+00  0.12411854E+00    0.047769
  -0.291 -0.34232074E+00  0.11718349E+00  0.12402060E+00    0.042314
  -0.273 -0.32490991E+00  0.10556645E+00  0.12392881E+00    0.037190
  -0.255 -0.30675537E+00  0.94098856E-01  0.12384312E+00    0.032397
  -0.236 -0.28789770E+00  0.82885087E-01  0.12376351E+00    0.027934
  -0.218 -0.26837928E+00  0.72027440E-01  0.12368992E+00    0.023802
  -0.200 -0.24824418E+00  0.61625172E-01  0.12362234E+00    0.020000
  -0.182 -0.22753803E+00  0.51773553E-01  0.12356074E+00    0.016529
  -0.164 -0.20630794E+00  0.42562966E-01  0.12350508E+00    0.013388
  -0.145 -0.18460237E+00  0.34078037E-01  0.12345534E+00    0.010579
  -0.127 -0.16247101E+00  0.26396830E-01  0.12341150E+00    0.008099
  -0.109 -0.13996464E+00  0.19590099E-01  0.12337355E+00    0.005950
  -0.091 -0.11713499E+00  0.13720607E-01  0.12334146E+00    0.004132
  -0.073 -0.94034674E-01  0.88425200E-02  0.12331523E+00    0.002645
  -0.055 -0.70716965E-01  0.50008892E-02  0.12329484E+00    0.001488
  -0.036 -0.47235718E-01  0.22312131E-02  0.12328028E+00    0.000661
  -0.018 -0.23645210E-01  0.55909596E-03  0.12327154E+00    0.000165
   0.000  0.00000000E+00  0.00000000E+00  0.12326863E+00    0.000000
   0.018  0.23645210E-01  0.55909596E-03  0.12327154E+00    0.000165
   0.036  0.47235718E-01  0.22312131E-02  0.12328028E+00    0.000661
   0.055  0.70716965E-01  0.50008892E-02  0.12329484E+00    0.001488
   0.073  0.94034674E-01  0.88425200E-02  0.12331523E+00    0.002645
   0.091  0.11713499E+00  0.13720607E-01  0.12334146E+00    0.004132
   0.109  0.13996464E+00  0.19590099E-01  0.12337355E+00    0.005950
   0.127  0.16247101E+00  0.26396830E-01  0.12341150E+00    0.008099
   0.145  0.18460237E+00  0.34078037E-01  0.12345534E+00    0.010579
   0.164  0.20630794E+00  0.42562966E-01  0.12350508E+00    0.013388
   0.182  0.22753803E+00  0.51773553E-01  0.12356074E+00    0.016529
   0.200  0.24824418E+00  0.61625172E-01  0.12362234E+00    0.020000
   0.218  0.26837928E+00  0.72027440E-01  0.12368992E+00    0.023802
   0.236  0.28789770E+00  0.82885087E-01  0.12376351E+00    0.027934
   0.255  0.30675537E+00  0.94098856E-01  0.12384312E+00    0.032397
   0.273  0.32490991E+00  0.10556645E+00  0.12392881E+00    0.037190
   0.291  0.34232074E+00  0.11718349E+00  0.12402060E+00    0.042314
   0.309  0.35894916E+00  0.12884450E+00  0.12411854E+00    0.047769
   0.327  0.37475846E+00  0.14044391E+00  0.12422266E+00    0.053554
   0.345  0.38971401E+00  0.15187701E+00  0.12433303E+00    0.059669
   0.364  0.40378329E+00  0.16304095E+00  0.12444968E+00    0.066116
   0.382  0.41693604E+00  0.17383566E+00  0.12457266E+00    0.072893
   0.400  0.42914427E+00  0.18416481E+00  0.12470204E+00    0.080000
   0.418  0.44038234E+00  0.19393661E+00  0.12483786E+00    0.087438
   0.436  0.45062700E+00  0.20306470E+00  0.12498020E+00    0.095207
   0.455  0.45985747E+00  0.21146889E+00  0.12512911E+00    0.103306
   0.473  0.46805541E+00  0.21907587E+00  0.12528467E+00    0.111736
   0.491  0.47520505E+00  0.22581983E+00  0.12544695E+00    0.120496
   0.509  0.48129310E+00  0.23164305E+00  0.12561602E+00    0.129587
   0.527  0.48630887E+00  0.23649631E+00  0.12579196E+00    0.139008
   0.545  0.49024420E+00  0.24033938E+00  0.12597485E+00    0.148760
   0.564  0.49309351E+00  0.24314121E+00  0.12616479E+00    0.158843
   0.582  0.49485378E+00  0.24488027E+00  0.12636185E+00    0.169256
   0.600  0.49552452E+00  0.24554455E+00  0.12656615E+00    0.180000
   0.618  0.49510777E+00  0.24513170E+00  0.12677777E+00    0.191074
   0.636  0.49360807E+00  0.24364892E+00  0.12699682E+00    0.202479
   0.655  0.49103241E+00  0.24111283E+00  0.12722341E+00    0.214215
   0.673  0.48739023E+00  0.23754923E+00  0.12745765E+00    0.226281
   0.691  0.48269331E+00  0.23299283E+00  0.12769966E+00    0.238678
   0.709  0.47695577E+00  0.22748680E+00  0.12794956E+00    0.251405
   0.727  0.47019399E+00  0.22108239E+00  0.12820749E+00    0.264463
   0.745  0.46242656E+00  0.21383832E+00  0.12847357E+00    0.277851
   0.764  0.45367416E+00  0.20582024E+00  0.12874795E+00    0.291570
   0.782  0.44395956E+00  0.19710009E+00  0.12903077E+00    0.305620
   0.800  0.43330748E+00  0.18775537E+00  0.12932218E+00    0.320000
   0.818  0.42174453E+00  0.17786845E+00  0.12962235E+00    0.334711
   0.836  0.40929912E+00  0.16752577E+00  0.12993143E+00    0.349752
   0.855  0.39600135E+00  0.15681707E+00  0.13024960E+00    0.365124
   0.873  0.38188293E+00  0.14583457E+00  0.13057704E+00    0.380826
   0.891  0.36697708E+00  0.13467218E+00  0.13091393E+00    0.396860
   0.909  0.35131843E+00  0.12342464E+00  0.13126048E+00    0.413223
   0.927  0.33494289E+00  0.11218674E+00  0.13161687E+00    0.429917
   0.945  0.31788758E+00  0.10105251E+00  0.13198333E+00    0.446942
   0.964  0.30019067E+00  0.90114438E-01  0.13236007E+00    0.464298
   0.982  0.28189133E+00  0.79462720E-01  0.13274733E+00    0.481983
   1.000  0.26302957E+00  0.69184552E-01  0.13314534E+00    0.500000
   1.018  0.24364614E+00  0.59363444E-01  0.13355435E+00    0.518347
   1.036  0.22378246E+00  0.50078588E-01  0.13397463E+00    0.537025
   1.055  0.20348042E+00  0.41404280E-01  0.13440645E+00    0.556033
   1.073  0.18278234E+00  0.33409384E-01  0.13485010E+00    0.575372
   1.091  0.16173084E+00  0.26156866E-01  0.13530586E+00    0.595041
   1.109  0.14036873E+00  0.19703380E-01  0.13577406E+00    0.615041
   1.127  0.11873887E+00  0.14098919E-01  0.13625500E+00    0.635372
   1.145  0.96884112E-01  0.93865311E-02  0.13674905E+00    0.656033
   1.164  0.74847162E-01  0.56020976E-02  0.13725654E+00    0.677025
   1.182  0.52670486E-01  0.27741801E-02  0.13777786E+00    0.698347
   1.200  0.30396210E-01  0.92392961E-03  0.13831338E+00    0.720000
   1.218  0.80660216E-02  0.65060705E-04  0.13886351E+00    0.741983
   1.236 -0.14278928E-01  0.20388777E-03  0.13942869E+00    0.764298
   1.255 -0.36598109E-01  0.13394216E-02  0.14000936E+00    0.786942
   1.273 -0.58851710E-01  0.34635237E-02  0.14060597E+00    0.809917
   1.291 -0.81000711E-01  0.65611153E-02  0.14121904E+00    0.833223
   1.309 -0.10300698E+00  0.10610437E-01  0.14184906E+00    0.856860
   1.327 -0.12483332E+00  0.15583357E-01  0.14249658E+00    0.880826
   1.345 -0.14644358E+00  0.21445722E-01  0.14316217E+00    0.905124
   1.364 -0.16780269E+00  0.28157744E-01  0.14384642E+00    0.929752
   1.382 -0.18887676E+00  0.35674430E-01  0.14454997E+00    0.954711
   1.400 -0.20963308E+00  0.43946028E-01  0.14527347E+00    0.980000
   1.418 -0.23004024E+00  0.52918510E-01  0.14601762E+00    1.005620
   1.436 -0.25006813E+00  0.62534070E-01  0.14678315E+00    1.031570
   1.455 -0.26968803E+00  0.72731631E-01  0.14757083E+00    1.057851
   1.473 -0.28887259E+00  0.83447374E-01  0.14838148E+00    1.084463
   1.491 -0.30759593E+00  0.94615259E-01  0.14921597E+00    1.111405
   1.509 -0.32583364E+00  0.10616756E+00  0.15007520E+00    1.138678
   1.527 -0.34356277E+00  0.11803538E+00  0.15096014E+00    1.166281
   1.545 -0.36076193E+00  0.13014917E+00  0.15187181E+00    1.194215
   1.564 -0.37741124E+00  0.14243925E+00  0.15281128E+00    1.222479
   1.582 -0.39349238E+00  0.15483625E+00  0.15377971E+00    1.251074
   1.600 -0.40898856E+00  0.16727165E+00  0.15477830E+00    1.280000
   1.618 -0.42388458E+00  0.17967814E+00  0.15580837E+00    1.309256
   1.636 -0.43816676E+00  0.19199011E+00  0.15687127E+00    1.338843
   1.655 -0.45182298E+00  0.20414401E+00  0.15796847E+00    1.368760
   1.673 -0.46484268E+00  0.21607871E+00  0.15910154E+00    1.399008
   1.691 -0.47721679E+00  0.22773586E+00  0.16027214E+00    1.429587
   1.709 -0.48893778E+00  0.23906015E+00  0.16148205E+00    1.460496
   1.727 -0.49999959E+00  0.24999959E+00  0.16273318E+00    1.491736
   1.745 -0.51039764E+00  0.26050575E+00  0.16402756E+00    1.523306
   1.764 -0.52012876E+00  0.27053392E+00  0.16536737E+00    1.555207
   1.782 -0.52919120E+00  0.28004333E+00  0.16675497E+00    1.587438
   1.800 -0.53758459E+00  0.28899719E+00  0.16819289E+00    1.620000
   1.818 -0.54530989E+00  0.29736287E+00  0.16968384E+00    1.652893
   1.836 -0.55236934E+00  0.30511189E+00  0.17123075E+00    1.686116
   1.855 -0.55876646E+00  0.31221995E+00  0.17283680E+00    1.719669
   1.873 -0.56450596E+00  0.31866698E+00  0.17450542E+00    1.753554
   1.891 -0.56959373E+00  0.32443702E+00  0.17624034E+00    1.787769
   1.909 -0.57403678E+00  0.32951823E+00  0.17804559E+00    1.822314
   1.927 -0.57784319E+00  0.33390275E+00  0.17992557E+00    1.857190
   1.945 -0.58102205E+00  0.33758662E+00  0.18188509E+00    1.892397
   1.964 -0.58358343E+00  0.34056962E+00  0.18392939E+00    1.927934
   1.982 -0.58553832E+00  0.34285512E+00  0.18606423E+00    1.963802
   2.000 -0.58689856E+00  0.34444992E+00  0.18829592E+00    2.000000
   2.018 -0.58767681E+00  0.34536403E+00  0.19063141E+00    2.036529
   2.036 -0.58788650E+00  0.34561053E+00  0.19307838E+00    2.073388
   2.055 -0.58754173E+00  0.34520529E+00  0.19564534E+00    2.110579
   2.073 -0.58665729E+00  0.34416678E+00  0.19834173E+00    2.148099
   2.091 -0.58524852E+00  0.34251584E+00  0.20117807E+00    2.185950
   2.109 -0.58333134E+00  0.34027545E+00  0.20416612E+00    2.224132
   2.127 -0.58092212E+00  0.33747051E+00  0.20731908E+00    2.262645
   2.145 -0.57803769E+00  0.33412757E+00  0.21065183E+00    2.301488
   2.164 -0.57469525E+00  0.33027463E+00  0.21418118E+00    2.340661
   2.182 -0.57091232E+00  0.32594088E+00  0.21792624E+00    2.380165
   2.200 -0.56670671E+00  0.32115650E+00  0.22190884E+00    2.420000
   2.218 -0.56209647E+00  0.31595244E+00  0.22615403E+00    2.460165
   2.236 -0.55709979E+00  0.31036018E+00  0.23069070E+00    2.500661
   2.255 -0.55173504E+00  0.30441155E+00  0.23555243E+00    2.541488
   2.273 -0.54602064E+00  0.29813854E+00  0.24077847E+00    2.582645
   2.291 -0.53997507E+00  0.29157307E+00  0.24641502E+00    2.624132
   2.309 -0.53361680E+00  0.28474689E+00  0.25251693E+00    2.665950
   2.327 -0.52696427E+00  0.27769134E+00  0.25914989E+00    2.708099
   2.345 -0.52003583E+00  0.27043726E+00  0.26639333E+00    2.750579
   2.364 -0.51284970E+00  0.26301481E+00  0.27434435E+00    2.793388
   2.382 -0.50542396E+00  0.25545338E+00  0.28312315E+00    2.836529
   2.400 -0.49777650E+00  0.24778144E+00  0.29288054E+00    2.880000
   2.418 -0.48992496E+00  0.24002647E+00  0.30380879E+00    2.923802
   2.436 -0.48188677E+00  0.23221485E+00  0.31615752E+00    2.967934
   2.455 -0.47367902E+00  0.22437182E+00  0.33025771E+00    3.012397
   2.473 -0.46531855E+00  0.21652135E+00  0.34655931E+00    3.057190
   2.491 -0.45682181E+00  0.20868617E+00  0.36569252E+00    3.102314
   2.509 -0.44820493E+00  0.20088766E+00  0.38857254E+00    3.147769
   2.527 -0.43948364E+00  0.19314587E+00  0.41659004E+00    3.193554
   2.545 -0.43067326E+00  0.18547946E+00  0.45198432E+00    3.239669
   2.564 -0.42178873E+00  0.17790573E+00  0.49865061E+00    3.286116
   2.582 -0.41284451E+00  0.17044059E+00  0.56414103E+00    3.332893
   2.600 -0.40385464E+00  0.16309857E+00  0.66572448E+00    3.380000
   2.618 -0.39483269E+00  0.15589285E+00  0.85611006E+00    3.427438
   2.636 -0.38579176E+00  0.14883528E+00  0.14645745E+01    3.475207
   2.655 -0.37674446E+00  0.14193639E+00  0.00000000E+00    3.523306
   2.673 -0.36770296E+00  0.13520547E+00  0.00000000E+00    3.571736
   2.691 -0.35867887E+00  0.12865053E+00  0.00000000E+00    3.620496
   2.709 -0.34968330E+00  0.12227841E+00  0.00000000E+00    3.669587
   2.727 -0.34072691E+00  0.11609483E+00  0.00000000E+00    3.719008
   2.745 -0.33181980E+00  0.11010438E+00  0.00000000E+00    3.768760
   2.764 -0.32297162E+00  0.10431067E+00  0.00000000E+00    3.818843
   2.782 -0.31419148E+00  0.98716287E-01  0.00000000E+00    3.869256
   2.800 -0.30548800E+00  0.93322921E-01  0.00000000E+00    3.920000
   2.818 -0.29686932E+00  0.88131391E-01  0.00000000E+00    3.971074
   2.836 -0.28834305E+00  0.83141713E-01  0.00000000E+00    4.022479
   2.855 -0.27991635E+00  0.78353160E-01  0.00000000E+00    4.074215
   2.873 -0.27159587E+00  0.73764318E-01  0.00000000E+00    4.126281
   2.891 -0.26338782E+00  0.69373144E-01  0.00000000E+00    4.178678
   2.909 -0.25529792E+00  0.65177026E-01  0.00000000E+00    4.231405
   2.927 -0.24733143E+00  0.61172836E-01  0.00000000E+00    4.284463
   2.945 -0.23949318E+00  0.57356985E-01  0.00000000E+00    4.337851
   2.964 -0.23178757E+00  0.53725479E-01  0.00000000E+00    4.391570
   2.982 -0.22421856E+00  0.50273961E-01  0.00000000E+00    4.445620
   3.000 -0.21678969E+00  0.46997770E-01  0.00000000E+00    4.500000
   3.018 -0.20950412E+00  0.43891978E-01  0.00000000E+00    4.554711
   3.036 -0.20236462E+00  0.40951439E-01  0.00000000E+00    4.609752
   3.055 -0.19537356E+00  0.38170829E-01  0.00000000E+00    4.665124
   3.073 -0.18853298E+00  0.35544684E-01  0.00000000E+00    4.720826
   3.091 -0.18184454E+00  0.33067438E-01  0.00000000E+00    4.776860
   3.109 -0.17530959E+00  0.30733454E-01  0.00000000E+00    4.833223
   3.127 -0.16892915E+00  0.28537058E-01  0.00000000E+00    4.889917
   3.145 -0.16270392E+00  0.26472565E-01  0.00000000E+00    4.946942
   3.164 -0.15663432E+00  0.24534309E-01  0.00000000E+00    5.004298
   3.182 -0.15072048E+00  0.22716662E-01  0.00000000E+00    5.061983
   3.200 -0.14496227E+00  0.21014059E-01  0.00000000E+00    5.120000
   3.218 -0.13935930E+00  0.19421015E-01  0.00000000E+00    5.178347
   3.236 -0.13391096E+00  0.17932145E-01  0.00000000E+00    5.237025
   3.255 -0.12861639E+00  0.16542175E-01  0.00000000E+00    5.296033
   3.273 -0.12347453E+00  0.15245959E-01  0.00000000E+00    5.355372
   3.291 -0.11848412E+00  0.14038486E-01  0.00000000E+00    5.415041
   3.309 -0.11364371E+00  0.12914892E-01  0.00000000E+00    5.475041
   3.327 -0.10895168E+00  0.11870469E-01  0.00000000E+00    5.535372
   3.345 -0.10440626E+00  0.10900668E-01  0.00000000E+00    5.596033
   3.364 -0.10000552E+00  0.10001104E-01  0.00000000E+00    5.657025
   3.382 -0.95747385E-01  0.91675617E-02  0.00000000E+00    5.718347
   3.400 -0.91629672E-01  0.83959967E-02  0.00000000E+00    5.780000
   3.418 -0.87650076E-01  0.76825358E-02  0.00000000E+00    5.841983
   3.436 -0.83806191E-01  0.70234777E-02  0.00000000E+00    5.904298
   3.455 -0.80095520E-01  0.64152923E-02  0.00000000E+00    5.966942
   3.473 -0.76515481E-01  0.58546188E-02  0.00000000E+00    6.029917
   3.491 -0.73063422E-01  0.53382637E-02  0.00000000E+00    6.093223
   3.509 -0.69736628E-01  0.48631973E-02  0.00000000E+00    6.156860
   3.527 -0.66532330E-01  0.44265509E-02  0.00000000E+00    6.220826
   3.545 -0.63447713E-01  0.40256122E-02  0.00000000E+00    6.285124
   3.564 -0.60479926E-01  0.36578215E-02  0.00000000E+00    6.349752
   3.582 -0.57626090E-01  0.33207663E-02  0.00000000E+00    6.414711
   3.600 -0.54883303E-01  0.30121770E-02  0.00000000E+00    6.480000
   3.618 -0.52248649E-01  0.27299213E-02  0.00000000E+00    6.545620
   3.636 -0.49719204E-01  0.24719993E-02  0.00000000E+00    6.611570
   3.655 -0.47292044E-01  0.22365375E-02  0.00000000E+00    6.677851
   3.673 -0.44964248E-01  0.20217836E-02  0.00000000E+00    6.744463
   3.691 -0.42732907E-01  0.18261013E-02  0.00000000E+00    6.811405
   3.709 -0.40595124E-01  0.16479641E-02  0.00000000E+00    6.878678
   3.727 -0.38548026E-01  0.14859503E-02  0.00000000E+00    6.946281
   3.745 -0.36588764E-01  0.13387377E-02  0.00000000E+00    7.014215
   3.764 -0.34714517E-01  0.12050977E-02  0.00000000E+00    7.082479
   3.782 -0.32922496E-01  0.10838908E-02  0.00000000E+00    7.151074
   3.800 -0.31209952E-01  0.97406112E-03  0.00000000E+00    7.220000
   3.818 -0.29574173E-01  0.87463168E-03  0.00000000E+00    7.289256
   3.836 -0.28012489E-01  0.78469952E-03  0.00000000E+00    7.358843
   3.855 -0.26522277E-01  0.70343117E-03  0.00000000E+00    7.428760
   3.873 -0.25100962E-01  0.63005827E-03  0.00000000E+00    7.499008
   3.891 -0.23746017E-01  0.56387332E-03  0.00000000E+00    7.569587
   3.909 -0.22454969E-01  0.50422561E-03  0.00000000E+00    7.640496
   3.927 -0.21225396E-01  0.45051742E-03  0.00000000E+00    7.711736
   3.945 -0.20054932E-01  0.40220030E-03  0.00000000E+00    7.783306
   3.964 -0.18941267E-01  0.35877161E-03  0.00000000E+00    7.855207
   3.982 -0.17882149E-01  0.31977124E-03  0.00000000E+00    7.927438
   4.000 -0.16875380E-01  0.28477844E-03  0.00000000E+00    8.000000
   4.018 -0.15918823E-01  0.25340894E-03  0.00000000E+00    8.072893
   4.036 -0.15010401E-01  0.22531214E-03  0.00000000E+00    8.146116
   4.055 -0.14148093E-01  0.20016853E-03  0.00000000E+00    8.219669
   4.073 -0.13329938E-01  0.17768724E-03  0.00000000E+00    8.293554
   4.091 -0.12554034E-01  0.15760377E-03  0.00000000E+00    8.367769
   4.109 -0.11818538E-01  0.13967785E-03  0.00000000E+00    8.442314
   4.127 -0.11121667E-01  0.12369147E-03  0.00000000E+00    8.517190
   4.145 -0.10461692E-01  0.10944699E-03  0.00000000E+00    8.592397
   4.164 -0.98369448E-02  0.96765484E-04  0.00000000E+00    8.667934
   4.182 -0.92458136E-02  0.85485070E-04  0.00000000E+00    8.743802
   4.200 -0.86867421E-02  0.75459488E-04  0.00000000E+00    8.820000
   4.218 -0.81582294E-02  0.66556707E-04  0.00000000E+00    8.896529
   4.236 -0.76588293E-02  0.58657667E-04  0.00000000E+00    8.973388
   4.255 -0.71871492E-02  0.51655114E-04  0.00000000E+00    9.050579
   4.273 -0.67418488E-02  0.45452525E-04  0.00000000E+00    9.128099
   4.291 -0.63216394E-02  0.39963124E-04  0.00000000E+00    9.205950
   4.309 -0.59252826E-02  0.35108974E-04  0.00000000E+00    9.284132
   4.327 -0.55515894E-02  0.30820145E-04  0.00000000E+00    9.362645
   4.345 -0.51994189E-02  0.27033956E-04  0.00000000E+00    9.441488
   4.364 -0.48676767E-02  0.23694277E-04  0.00000000E+00    9.520661
   4.382 -0.45553146E-02  0.20750891E-04  0.00000000E+00    9.600165
   4.400 -0.42613284E-02  0.18158919E-04  0.00000000E+00    9.680000
   4.418 -0.39847572E-02  0.15878290E-04  0.00000000E+00    9.760165
   4.436 -0.37246822E-02  0.13873257E-04  0.00000000E+00    9.840661
   4.455 -0.34802249E-02  0.12111966E-04  0.00000000E+00    9.921488
   4.473 -0.32505466E-02  0.10566053E-04  0.00000000E+00   10.002645
   4.491 -0.30348462E-02  0.92102915E-05  0.00000000E+00   10.084132
   4.509 -0.28323600E-02  0.80222629E-05  0.00000000E+00   10.165950
   4.527 -0.26423595E-02  0.69820635E-05  0.00000000E+00   10.248099
   4.545 -0.24641507E-02  0.60720389E-05  0.00000000E+00   10.330579
   4.564 -0.22970730E-02  0.52765444E-05  0.00000000E+00   10.413388
   4.582 -0.21404974E-02  0.45817290E-05  0.00000000E+00   10.496529
   4.600 -0.19938257E-02  0.39753411E-05  0.00000000E+00   10.580000
   4.618 -0.18564895E-02  0.34465534E-05  0.00000000E+00   10.663802
   4.636 -0.17279487E-02  0.29858067E-05  0.00000000E+00   10.747934
   4.655 -0.16076904E-02  0.25846684E-05  0.00000000E+00   10.832397
   4.673 -0.14952281E-02  0.22357069E-05  0.00000000E+00   10.917190
   4.691 -0.13901002E-02  0.19323786E-05  0.00000000E+00   11.002314
   4.709 -0.12918695E-02  0.16689267E-05  0.00000000E+00   11.087769
   4.727 -0.12001215E-02  0.14402916E-05  0.00000000E+00   11.173554
   4.745 -0.11144640E-02  0.12420300E-05  0.00000000E+00   11.259669
   4.764 -0.10345258E-02  0.10702437E-05  0.00000000E+00   11.346116
   4.782 -0.95995582E-03  0.92151518E-06  0.00000000E+00   11.432893
   4.800 -0.89042222E-03  0.79285173E-06  0.00000000E+00   11.520000
   4.818 -0.82561152E-03  0.68163438E-06  0.00000000E+00   11.607438
   4.836 -0.76522772E-03  0.58557347E-06  0.00000000E+00   11.695207
   4.855 -0.70899150E-03  0.50266894E-06  0.00000000E+00   11.783306
   4.873 -0.65663937E-03  0.43117526E-06  0.00000000E+00   11.871736
   4.891 -0.60792295E-03  0.36957032E-06  0.00000000E+00   11.960496
   4.909 -0.56260822E-03  0.31652801E-06  0.00000000E+00   12.049587
   4.927 -0.52047478E-03  0.27089399E-06  0.00000000E+00   12.139008
   4.945 -0.48131518E-03  0.23166430E-06  0.00000000E+00   12.228760
   4.964 -0.44493425E-03  0.19796649E-06  0.00000000E+00   12.318843
   4.982 -0.41114850E-03  0.16904309E-06  0.00000000E+00   12.409256
   5.000 -0.37978546E-03  0.14423700E-06  0.00000000E+00   12.500000
   5.018 -0.35068312E-03  0.12297865E-06  0.00000000E+00   12.591074
   5.036 -0.32368939E-03  0.10477482E-06  0.00000000E+00   12.682479
   5.055 -0.29866153E-03  0.89198712E-07  0.00000000E+00   12.774215
   5.073 -0.27546568E-03  0.75881342E-07  0.00000000E+00   12.866281
   5.091 -0.25397633E-03  0.64503977E-07  0.00000000E+00   12.958678
   5.109 -0.23407589E-03  0.54791521E-07  0.00000000E+00   13.051405
   5.127 -0.21565421E-03  0.46506740E-07  0.00000000E+00   13.144463
   5.145 -0.19860821E-03  0.39445223E-07  0.00000000E+00   13.237851
   5.164 -0.18284142E-03  0.33430986E-07  0.00000000E+00   13.331570
   5.182 -0.16826363E-03  0.28312649E-07  0.00000000E+00   13.425620
   5.200 -0.15479051E-03  0.23960102E-07  0.00000000E+00   13.520000
   5.218 -0.14234328E-03  0.20261610E-07  0.00000000E+00   13.614711
   5.236 -0.13084837E-03  0.17121295E-07  0.00000000E+00   13.709752
   5.255 -0.12023710E-03  0.14456959E-07  0.00000000E+00   13.805124
   5.273 -0.11044540E-03  0.12198186E-07  0.00000000E+00   13.900826
   5.291 -0.10141352E-03  0.10284703E-07  0.00000000E+00   13.996860
   5.309 -0.93085783E-04  0.86649630E-08  0.00000000E+00   14.093223
   5.327 -0.85410293E-04  0.72949181E-08  0.00000000E+00   14.189917
   5.345 -0.78338736E-04  0.61369576E-08  0.00000000E+00   14.286942
   5.364 -0.71826142E-04  0.51589947E-08  0.00000000E+00   14.384298
   5.382 -0.65830669E-04  0.43336770E-08  0.00000000E+00   14.481983
   5.400 -0.60313409E-04  0.36377073E-08  0.00000000E+00   14.580000
   5.418 -0.55238196E-04  0.30512583E-08  0.00000000E+00   14.678347
   5.436 -0.50571428E-04  0.25574694E-08  0.00000000E+00   14.777025
   5.455 -0.46281902E-04  0.21420144E-08  0.00000000E+00   14.876033
   5.473 -0.42340651E-04  0.17927308E-08  0.00000000E+00   14.975372
   5.491 -0.38720803E-04  0.14993006E-08  0.00000000E+00   15.075041
   5.509 -0.35397433E-04  0.12529783E-08  0.00000000E+00   15.175041
   5.527 -0.32347439E-04  0.10463568E-08  0.00000000E+00   15.275372
   5.545 -0.29549413E-04  0.87316784E-09  0.00000000E+00   15.376033
   5.564 -0.26983530E-04  0.72811089E-09  0.00000000E+00   15.477025
   5.582 -0.24631435E-04  0.60670759E-09  0.00000000E+00   15.578347
   5.600 -0.22476145E-04  0.50517710E-09  0.00000000E+00   15.680000
   5.618 -0.20501952E-04  0.42033004E-09  0.00000000E+00   15.781983
   5.636 -0.18694333E-04  0.34947809E-09  0.00000000E+00   15.884298
   5.655 -0.17039868E-04  0.29035710E-09  0.00000000E+00   15.986942
   5.673 -0.15526160E-04  0.24106165E-09  0.00000000E+00   16.089917
   5.691 -0.14141765E-04  0.19998950E-09  0.00000000E+00   16.193223
   5.709 -0.12876118E-04  0.16579441E-09  0.00000000E+00   16.296860
   5.727 -0.11719475E-04  0.13734610E-09  0.00000000E+00   16.400826
   5.745 -0.10662853E-04  0.11369643E-09  0.00000000E+00   16.505124
   5.764 -0.96979681E-05  0.94050585E-10  0.00000000E+00   16.609752
   5.782 -0.88171919E-05  0.77742872E-10  0.00000000E+00   16.714711
   5.800 -0.80134980E-05  0.64216150E-10  0.00000000E+00   16.820000
   5.818 -0.72804189E-05  0.53004499E-10  0.00000000E+00   16.925620
   5.836 -0.66120038E-05  0.43718594E-10  0.00000000E+00   17.031570
   5.855 -0.60027797E-05  0.36033365E-10  0.00000000E+00   17.137851
   5.873 -0.54477153E-05  0.29677602E-10  0.00000000E+00   17.244463
   5.891 -0.49421869E-05  0.24425212E-10  0.00000000E+00   17.351405
   5.909 -0.44819479E-05  0.20087857E-10  0.00000000E+00   17.458678
   5.927 -0.40630988E-05  0.16508772E-10  0.00000000E+00   17.566281
   5.945 -0.36820614E-05  0.13557576E-10  0.00000000E+00   17.674215
   5.964 -0.33355526E-05  0.11125911E-10  0.00000000E+00   17.782479
   5.982 -0.30205622E-05  0.91237960E-11  0.00000000E+00   17.891074
   6.000 -0.27343310E-05  0.74765660E-11  0.00000000E+00   18.000000
   6.018 -0.24743309E-05  0.61223136E-11  0.00000000E+00   18.109256
   6.036 -0.22382468E-05  0.50097486E-11  0.00000000E+00   18.218843
   6.055 -0.20239590E-05  0.40964101E-11  0.00000000E+00   18.328760
   6.073 -0.18295282E-05  0.33471735E-11  0.00000000E+00   18.439008
   6.091 -0.16531804E-05  0.27330054E-11  0.00000000E+00   18.549587
   6.109 -0.14932936E-05  0.22299257E-11  0.00000000E+00   18.660496
   6.127 -0.13483854E-05  0.18181432E-11  0.00000000E+00   18.771736
   6.145 -0.12171017E-05  0.14813365E-11  0.00000000E+00   18.883306
   6.164 -0.10982058E-05  0.12060561E-11  0.00000000E+00   18.995207
   6.182 -0.99056908E-06  0.98122710E-12  0.00000000E+00   19.107438
   6.200 -0.89316151E-06  0.79773749E-12  0.00000000E+00   19.220000
   6.218 -0.80504383E-06  0.64809557E-12  0.00000000E+00   19.332893
   6.236 -0.72535969E-06  0.52614669E-12  0.00000000E+00   19.446116
   6.255 -0.65332873E-06  0.42683843E-12  0.00000000E+00   19.559669
   6.273 -0.58824009E-06  0.34602640E-12  0.00000000E+00   19.673554
   6.291 -0.52944649E-06  0.28031358E-12  0.00000000E+00   19.787769
   6.309 -0.47635880E-06  0.22691771E-12  0.00000000E+00   19.902314
   6.327 -0.42844103E-06  0.18356172E-12  0.00000000E+00   20.017190
   6.345 -0.38520572E-06  0.14838345E-12  0.00000000E+00   20.132397
   6.364 -0.34620975E-06  0.11986119E-12  0.00000000E+00   20.247934
   6.382 -0.31105043E-06  0.96752373E-13  0.00000000E+00   20.363802
   6.400 -0.27936202E-06  0.78043136E-13  0.00000000E+00   20.480000
   6.418 -0.25081240E-06  0.62906859E-13  0.00000000E+00   20.596529
   6.436 -0.22510016E-06  0.50670083E-13  0.00000000E+00   20.713388
   6.455 -0.20195185E-06  0.40784552E-13  0.00000000E+00   20.830579
   6.473 -0.18111949E-06  0.32804270E-13  0.00000000E+00   20.948099
   6.491 -0.16237827E-06  0.26366701E-13  0.00000000E+00   21.065950
   6.509 -0.14552448E-06  0.21177373E-13  0.00000000E+00   21.184132
   6.527 -0.13037361E-06  0.16997278E-13  0.00000000E+00   21.302645
   6.545 -0.11675861E-06  0.13632572E-13  0.00000000E+00   21.421488
   6.564 -0.10452827E-06  0.10926159E-13  0.00000000E+00   21.540661
   6.582 -0.93545799E-07  0.87508166E-14  0.00000000E+00   21.660165
   6.600 -0.83687499E-07  0.70035975E-14  0.00000000E+00   21.780000
   6.618 -0.74841539E-07  0.56012560E-14  0.00000000E+00   21.900165
   6.636 -0.66906870E-07  0.44765293E-14  0.00000000E+00   22.020661
   6.655 -0.59792218E-07  0.35751093E-14  0.00000000E+00   22.141488
   6.673 -0.53415171E-07  0.28531805E-14  0.00000000E+00   22.262645
   6.691 -0.47701347E-07  0.22754185E-14  0.00000000E+00   22.384132
   6.709 -0.42583642E-07  0.18133665E-14  0.00000000E+00   22.505950
   6.727 -0.38001535E-07  0.14441167E-14  0.00000000E+00   22.628099
   6.745 -0.33900471E-07  0.11492419E-14  0.00000000E+00   22.750579
   6.764 -0.30231286E-07  0.91393065E-15  0.00000000E+00   22.873388
   6.782 -0.26949697E-07  0.72628614E-15  0.00000000E+00   22.996529
   6.800 -0.24015828E-07  0.57675997E-15  0.00000000E+00   23.120000
   6.818 -0.21393789E-07  0.45769422E-15  0.00000000E+00   23.243802
   6.836 -0.19051291E-07  0.36295168E-15  0.00000000E+00   23.367934
   6.855 -0.16959291E-07  0.28761754E-15  0.00000000E+00   23.492397
   6.873 -0.15091681E-07  0.22775883E-15  0.00000000E+00   23.617190
   6.891 -0.13424998E-07  0.18023058E-15  0.00000000E+00   23.742314
   6.909 -0.11938166E-07  0.14251982E-15  0.00000000E+00   23.867769
   6.927 -0.10612259E-07  0.11262003E-15  0.00000000E+00   23.993554
   6.945 -0.94302865E-08  0.88930304E-16  0.00000000E+00   24.119669
   6.964 -0.83770068E-08  0.70174242E-16  0.00000000E+00   24.246116
   6.982 -0.74387475E-08  0.55334964E-16  0.00000000E+00   24.372893
   7.000 -0.66032507E-08  0.43602920E-16  0.00000000E+00   24.500000
   7.018 -0.58595307E-08  0.34334100E-16  0.00000000E+00   24.627438
   7.036 -0.51977454E-08  0.27016557E-16  0.00000000E+00   24.755207
   7.055 -0.46090811E-08  0.21243629E-16  0.00000000E+00   24.883306
   7.073 -0.40856478E-08  0.16692518E-16  0.00000000E+00   25.011736
   7.091 -0.36203852E-08  0.13107189E-16  0.00000000E+00   25.140496
   7.109 -0.32069779E-08  0.10284707E-16  0.00000000E+00   25.269587
   7.127 -0.28397789E-08  0.80643440E-17  0.00000000E+00   25.399008
   7.145 -0.25137409E-08  0.63188932E-17  0.00000000E+00   25.528760
   7.164 -0.22243543E-08  0.49477521E-17  0.00000000E+00   25.658843
   7.182 -0.19675916E-08  0.38714165E-17  0.00000000E+00   25.789256
   7.200 -0.17398568E-08  0.30271017E-17  0.00000000E+00   25.920000
   7.218 -0.15379410E-08  0.23652625E-17  0.00000000E+00   26.051074
   7.236 -0.13589814E-08  0.18468304E-17  0.00000000E+00   26.182479
   7.255 -0.12004251E-08  0.14410204E-17  0.00000000E+00   26.314215
   7.273 -0.10599963E-08  0.11235922E-17  0.00000000E+00   26.446281
   7.291 -0.93566734E-09  0.87547337E-18  0.00000000E+00   26.578678
   7.309 -0.82563183E-09  0.68166792E-18  0.00000000E+00   26.711405
   7.327 -0.72828150E-09  0.53039395E-18  0.00000000E+00   26.844463
   7.345 -0.64218487E-09  0.41240141E-18  0.00000000E+00   26.977851
   7.364 -0.56606831E-09  0.32043334E-18  0.00000000E+00   27.111570
   7.382 -0.49879908E-09  0.24880053E-18  0.00000000E+00   27.245620
   7.400 -0.43937012E-09  0.19304610E-18  0.00000000E+00   27.380000
   7.418 -0.38688644E-09  0.14968112E-18  0.00000000E+00   27.514711
   7.436 -0.34055296E-09  0.11597632E-18  0.00000000E+00   27.649752
   7.455 -0.29966360E-09  0.89798276E-19  0.00000000E+00   27.785124
   7.473 -0.26359161E-09  0.69480538E-19  0.00000000E+00   27.920826
   7.491 -0.23178080E-09  0.53722339E-19  0.00000000E+00   28.056860
   7.509 -0.20373782E-09  0.41509100E-19  0.00000000E+00   28.193223
   7.527 -0.17902522E-09  0.32050030E-19  0.00000000E+00   28.329917
   7.545 -0.15725527E-09  0.24729219E-19  0.00000000E+00   28.466942
   7.564 -0.13808440E-09  0.19067302E-19  0.00000000E+00   28.604298
   7.582 -0.12120835E-09  0.14691464E-19  0.00000000E+00   28.741983
   7.600 -0.10635771E-09  0.11311963E-19  0.00000000E+00   28.880000
   7.618 -0.93294060E-10  0.87037817E-20  0.00000000E+00   29.018347
   7.636 -0.81806463E-10  0.66922974E-20  0.00000000E+00   29.157025
   7.655 -0.71708376E-10  0.51420912E-20  0.00000000E+00   29.296033
   7.673 -0.62834888E-10  0.39482232E-20  0.00000000E+00   29.435372
   7.691 -0.55040267E-10  0.30294310E-20  0.00000000E+00   29.575041
   7.709 -0.48195776E-10  0.23228328E-20  0.00000000E+00   29.715041
   7.727 -0.42187737E-10  0.17798051E-20  0.00000000E+00   29.855372
   7.745 -0.36915803E-10  0.13627765E-20  0.00000000E+00   29.996033
   7.764 -0.32291430E-10  0.10427365E-20  0.00000000E+00   30.137025
   7.782 -0.28236520E-10  0.79730104E-21  0.00000000E+00   30.278347
   7.800 -0.24682207E-10  0.60921137E-21  0.00000000E+00   30.420000
   7.818 -0.21567799E-10  0.46516994E-21  0.00000000E+00   30.561983
   7.836 -0.18839816E-10  0.35493868E-21  0.00000000E+00   30.704298
   7.855 -0.16451162E-10  0.27064072E-21  0.00000000E+00   30.846942
   7.873 -0.14360368E-10  0.20622017E-21  0.00000000E+00   30.989917
   7.891 -0.12530942E-10  0.15702450E-21  0.00000000E+00   31.133223
   7.909 -0.10930776E-10  0.11948187E-21  0.00000000E+00   31.276860
   7.927 -0.95316372E-11  0.90852108E-22  0.00000000E+00   31.420826
   7.945 -0.83087031E-11  0.69034548E-22  0.00000000E+00   31.565124
   7.964 -0.72401615E-11  0.52419938E-22  0.00000000E+00   31.709752
   7.982 -0.63068509E-11  0.39776368E-22  0.00000000E+00   31.854711
   8.000 -0.54919455E-11  0.30161465E-22  0.00000000E+00   32.000000
   8.018 -0.47806753E-11  0.22854856E-22  0.00000000E+00   32.145620
   8.036 -0.41600800E-11  0.17306265E-22  0.00000000E+00   32.291570
   8.055 -0.36187914E-11  0.13095651E-22  0.00000000E+00   32.437851
   8.073 -0.31468417E-11  0.99026128E-23  0.00000000E+00   32.584463
   8.091 -0.27354939E-11  0.74829269E-23  0.00000000E+00   32.731405
   8.109 -0.23770928E-11  0.56505703E-23  0.00000000E+00   32.878678
   8.127 -0.20649336E-11  0.42639510E-23  0.00000000E+00   33.026281
   8.145 -0.17931460E-11  0.32153728E-23  0.00000000E+00   33.174215
   8.164 -0.15565922E-11  0.24229794E-23  0.00000000E+00   33.322479
   8.182 -0.13507772E-11  0.18245991E-23  0.00000000E+00   33.471074
   8.200 -0.11717698E-11  0.13730444E-23  0.00000000E+00   33.620000
   8.218 -0.10161330E-11  0.10325264E-23  0.00000000E+00   33.769256
   8.236 -0.88086352E-12  0.77592055E-24  0.00000000E+00   33.918843
   8.255 -0.76333727E-12  0.58268379E-24  0.00000000E+00   34.068760
   8.273 -0.66126286E-12  0.43726856E-24  0.00000000E+00   34.219008
   8.291 -0.57263995E-12  0.32791651E-24  0.00000000E+00   34.369587
   8.309 -0.49572296E-12  0.24574125E-24  0.00000000E+00   34.520496
   8.327 -0.42898918E-12  0.18403172E-24  0.00000000E+00   34.671736
   8.345 -0.37111079E-12  0.13772322E-24  0.00000000E+00   34.823306
   8.364 -0.32093036E-12  0.10299630E-24  0.00000000E+00   34.975207
   8.382 -0.27743933E-12  0.76972580E-25  0.00000000E+00   35.127438
   8.400 -0.23975919E-12  0.57484470E-25  0.00000000E+00   35.280000
   8.418 -0.20712502E-12  0.42900775E-25  0.00000000E+00   35.432893
   8.436 -0.17887101E-12  0.31994838E-25  0.00000000E+00   35.586116
   8.455 -0.15441784E-12  0.23844869E-25  0.00000000E+00   35.739669
   8.473 -0.13326163E-12  0.17758662E-25  0.00000000E+00   35.893554
   8.491 -0.11496428E-12  0.13216786E-25  0.00000000E+00   36.047769
   8.509 -0.99145031E-13  0.98297372E-26  0.00000000E+00   36.202314
   8.527 -0.85473050E-13  0.73056422E-26  0.00000000E+00   36.357190
   8.545 -0.73661015E-13  0.54259452E-26  0.00000000E+00   36.512397
   8.564 -0.63459476E-13  0.40271051E-26  0.00000000E+00   36.667934
   8.582 -0.54651939E-13  0.29868345E-26  0.00000000E+00   36.823802
   8.600 -0.47050583E-13  0.22137573E-26  0.00000000E+00   36.980000
   8.618 -0.40492519E-13  0.16396441E-26  0.00000000E+00   37.136529
   8.636 -0.34836537E-13  0.12135843E-26  0.00000000E+00   37.293388
   8.655 -0.29960260E-13  0.89761716E-27  0.00000000E+00   37.450579
   8.673 -0.25757672E-13  0.66345768E-27  0.00000000E+00   37.608099
   8.691 -0.22136967E-13  0.49004531E-27  0.00000000E+00   37.765950
   8.709 -0.19018669E-13  0.36170977E-27  0.00000000E+00   37.924132
   8.727 -0.16334003E-13  0.26679967E-27  0.00000000E+00   38.082645
   8.745 -0.14023477E-13  0.19665791E-27  0.00000000E+00   38.241488
   8.764 -0.12035644E-13  0.14485674E-27  0.00000000E+00   38.400661
   8.782 -0.10326035E-13  0.10662699E-27  0.00000000E+00   38.560165
   8.800 -0.88562209E-14  0.78432649E-28  0.00000000E+00   38.720000
   8.818 -0.75930095E-14  0.57653793E-28  0.00000000E+00   38.880165
   8.836 -0.65077389E-14  0.42350665E-28  0.00000000E+00   39.040661
   8.855 -0.55756690E-14  0.31088085E-28  0.00000000E+00   39.201488
   8.873 -0.47754530E-14  0.22804952E-28  0.00000000E+00   39.362645
   8.891 -0.40886780E-14  0.16717288E-28  0.00000000E+00   39.524132
   8.909 -0.34994679E-14  0.12246276E-28  0.00000000E+00   39.685950
   8.927 -0.29941387E-14  0.89648664E-29  0.00000000E+00   39.848099
   8.945 -0.25609000E-14  0.65582089E-29  0.00000000E+00   40.010579
   8.964 -0.21895969E-14  0.47943347E-29  0.00000000E+00   40.173388
   8.982 -0.18714860E-14  0.35024599E-29  0.00000000E+00   40.336529
   9.000 -0.15990421E-14  0.25569355E-29  0.00000000E+00   40.500000
   9.018 -0.13657905E-14  0.18653838E-29  0.00000000E+00   40.663802
   9.036 -0.11661630E-14  0.13599361E-29  0.00000000E+00   40.827934
   9.055 -0.99537183E-15  0.99076508E-30  0.00000000E+00   40.992397
   9.073 -0.84930254E-15  0.72131480E-30  0.00000000E+00   41.157190
   9.091 -0.72442012E-15  0.52478450E-30  0.00000000E+00   41.322314
   9.109 -0.61768862E-15  0.38153923E-30  0.00000000E+00   41.487769
   9.127 -0.52650166E-15  0.27720400E-30  0.00000000E+00   41.653554
   9.145 -0.44862240E-15  0.20126206E-30  0.00000000E+00   41.819669
   9.164 -0.38213186E-15  0.14602476E-30  0.00000000E+00   41.986116
   9.182 -0.32538434E-15  0.10587497E-30  0.00000000E+00   42.152893
   9.200 -0.27696901E-15  0.76711833E-31  0.00000000E+00   42.320000
   9.218 -0.23567681E-15  0.55543559E-31  0.00000000E+00   42.487438
   9.236 -0.20047198E-15  0.40189015E-31  0.00000000E+00   42.655207
   9.255 -0.17046754E-15  0.29059182E-31  0.00000000E+00   42.823306
   9.273 -0.14490417E-15  0.20997219E-31  0.00000000E+00   42.991736
   9.291 -0.12313210E-15  0.15161513E-31  0.00000000E+00   43.160496
   9.309 -0.10459547E-15  0.10940212E-31  0.00000000E+00   43.329587
   9.327 -0.88818953E-16  0.78888064E-32  0.00000000E+00   43.499008
   9.345 -0.75396228E-16  0.56845912E-32  0.00000000E+00   43.668760
   9.364 -0.63980074E-16  0.40934499E-32  0.00000000E+00   43.838843
   9.382 -0.54273893E-16  0.29456554E-32  0.00000000E+00   44.009256
   9.400 -0.46024411E-16  0.21182464E-32  0.00000000E+00   44.180000
   9.418 -0.39015434E-16  0.15222041E-32  0.00000000E+00   44.351074
   9.436 -0.33062478E-16  0.10931275E-32  0.00000000E+00   44.522479
   9.455 -0.28008181E-16  0.78445820E-33  0.00000000E+00   44.694215
   9.473 -0.23718357E-16  0.56256047E-33  0.00000000E+00   44.866281
   9.491 -0.20078628E-16  0.40315130E-33  0.00000000E+00   45.038678
   9.509 -0.16991531E-16  0.28871213E-33  0.00000000E+00   45.211405
   9.527 -0.14374048E-16  0.20661327E-33  0.00000000E+00   45.384463
   9.545 -0.12155489E-16  0.14775592E-33  0.00000000E+00   45.557851
   9.564 -0.10275682E-16  0.10558965E-33  0.00000000E+00   45.731570
   9.582 -0.86834257E-17  0.75401882E-34  0.00000000E+00   45.905620
   9.600 -0.73351663E-17  0.53804665E-34  0.00000000E+00   46.080000
   9.618 -0.61938687E-17  0.38364010E-34  0.00000000E+00   46.254711
   9.636 -0.52280500E-17  0.27332507E-34  0.00000000E+00   46.429752
   9.655 -0.44109553E-17  0.19456526E-34  0.00000000E+00   46.605124
   9.673 -0.37198542E-17  0.13837315E-34  0.00000000E+00   46.780826
   9.691 -0.31354404E-17  0.98309866E-35  0.00000000E+00   46.956860
   9.709 -0.26413193E-17  0.69765676E-35  0.00000000E+00   47.133223
   9.727 -0.22235708E-17  0.49442672E-35  0.00000000E+00   47.309917
   9.745 -0.18703770E-17  0.34983100E-35  0.00000000E+00   47.486942
   9.764 -0.15717037E-17  0.24702525E-35  0.00000000E+00   47.664298
   9.782 -0.13190300E-17  0.17398402E-35  0.00000000E+00   47.841983
   9.800 -0.11051165E-17  0.12212826E-35  0.00000000E+00   48.020000
   9.818 -0.92380795E-18  0.85342112E-36  0.00000000E+00   48.198347
   9.836 -0.76986441E-18  0.59269121E-36  0.00000000E+00   48.377025
   9.855 -0.63881716E-18  0.40808736E-36  0.00000000E+00   48.556033
   9.873 -0.52684467E-18  0.27756530E-36  0.00000000E+00   48.735372
   9.891 -0.43066619E-18  0.18547337E-36  0.00000000E+00   48.915041
   9.909 -0.34744977E-18  0.12072134E-36  0.00000000E+00   49.095041
   9.927 -0.27473222E-18  0.75477792E-37  0.00000000E+00   49.275372
   9.945 -0.21034902E-18  0.44246710E-37  0.00000000E+00   49.456033
   9.964 -0.15237210E-18  0.23217258E-37  0.00000000E+00   49.637025
   9.982 -0.99053853E-19  0.98116658E-38  0.00000000E+00   49.818347
  10.000 -0.48775722E-19  0.23790711E-38  0.00000000E+00   50.000000


