#   x         y(x)            y(x)^2      classical p(x)    V
 -10.000  0.39707872E-19  0.15767151E-38  0.00000000E+00   50.000000
  -9.986  0.80170187E-19  0.64272589E-38  0.00000000E+00   49.857245
  -9.971  0.12215142E-18  0.14920970E-37  0.00000000E+00   49.714694
  -9.957  0.16644003E-18  0.27702283E-37  0.00000000E+00   49.572347
  -9.943  0.21386302E-18  0.45737390E-37  0.00000000E+00   49.430204
  -9.929  0.26530109E-18  0.70384670E-37  0.00000000E+00   49.288265
  -9.914  0.32170462E-18  0.10349386E-36  0.00000000E+00   49.146531
  -9.900  0.38411065E-18  0.14754099E-36  0.00000000E+00   49.005000
  -9.886  0.45366138E-18  0.20580865E-36  0.00000000E+00   48.863673
  -9.871  0.53162428E-18  0.28262437E-36  0.00000000E+00   48.722551
  -9.857  0.61941432E-18  0.38367410E-36  0.00000000E+00   48.581633
  -9.843  0.71861861E-18  0.51641270E-36  0.00000000E+00   48.440918
  -9.829  0.83102385E-18  0.69060065E-36  0.00000000E+00   48.300408
  -9.814  0.95864715E-18  0.91900436E-36  0.00000000E+00   48.160102
  -9.800  0.11037706E-17  0.12183094E-35  0.00000000E+00   48.020000
  -9.786  0.12689800E-17  0.16103102E-35  0.00000000E+00   47.880102
  -9.771  0.14572092E-17  0.21234587E-35  0.00000000E+00   47.740408
  -9.757  0.16717895E-17  0.27948800E-35  0.00000000E+00   47.600918
  -9.743  0.19165056E-17  0.36729937E-35  0.00000000E+00   47.461633
  -9.729  0.21956596E-17  0.48209211E-35  0.00000000E+00   47.322551
  -9.714  0.25141427E-17  0.63209134E-35  0.00000000E+00   47.183673
  -9.700  0.28775166E-17  0.82801016E-35  0.00000000E+00   47.045000
  -9.686  0.32921061E-17  0.10837963E-34  0.00000000E+00   46.906531
  -9.671  0.37651039E-17  0.14176007E-34  0.00000000E+00   46.768265
  -9.657  0.43046885E-17  0.18530343E-34  0.00000000E+00   46.630204
  -9.643  0.49201596E-17  0.24207970E-34  0.00000000E+00   46.492347
  -9.629  0.56220894E-17  0.31607889E-34  0.00000000E+00   46.354694
  -9.614  0.64224957E-17  0.41248451E-34  0.00000000E+00   46.217245
  -9.600  0.73350371E-17  0.53802769E-34  0.00000000E+00   46.080000
  -9.586  0.83752343E-17  0.70144550E-34  0.00000000E+00   45.942959
  -9.571  0.95607206E-17  0.91407379E-34  0.00000000E+00   45.806122
  -9.557  0.10911526E-16  0.11906139E-33  0.00000000E+00   45.669490
  -9.543  0.12450397E-16  0.15501238E-33  0.00000000E+00   45.533061
  -9.529  0.14203162E-16  0.20172981E-33  0.00000000E+00   45.396837
  -9.514  0.16199141E-16  0.26241218E-33  0.00000000E+00   45.260816
  -9.500  0.18471612E-16  0.34120043E-33  0.00000000E+00   45.125000
  -9.486  0.21058334E-16  0.44345341E-33  0.00000000E+00   44.989388
  -9.471  0.24002145E-16  0.57610297E-33  0.00000000E+00   44.853980
  -9.457  0.27351635E-16  0.74811194E-33  0.00000000E+00   44.718776
  -9.443  0.31161902E-16  0.97106414E-33  0.00000000E+00   44.583776
  -9.429  0.35495413E-16  0.12599244E-32  0.00000000E+00   44.448980
  -9.414  0.40422976E-16  0.16340170E-32  0.00000000E+00   44.314388
  -9.400  0.46024830E-16  0.21182849E-32  0.00000000E+00   44.180000
  -9.386  0.52391888E-16  0.27449100E-32  0.00000000E+00   44.045816
  -9.371  0.59627132E-16  0.35553949E-32  0.00000000E+00   43.911837
  -9.357  0.67847187E-16  0.46032408E-32  0.00000000E+00   43.778061
  -9.343  0.77184102E-16  0.59573857E-32  0.00000000E+00   43.644490
  -9.329  0.87787357E-16  0.77066201E-32  0.00000000E+00   43.511122
  -9.314  0.99826125E-16  0.99652553E-32  0.00000000E+00   43.377959
  -9.300  0.11349183E-15  0.12880395E-31  0.00000000E+00   43.245000
  -9.286  0.12900100E-15  0.16641259E-31  0.00000000E+00   43.112245
  -9.271  0.14659857E-15  0.21491140E-31  0.00000000E+00   42.979694
  -9.257  0.16656145E-15  0.27742718E-31  0.00000000E+00   42.847347
  -9.243  0.18920273E-15  0.35797675E-31  0.00000000E+00   42.715204
  -9.229  0.21487626E-15  0.46171808E-31  0.00000000E+00   42.583265
  -9.214  0.24398189E-15  0.59527162E-31  0.00000000E+00   42.451531
  -9.200  0.27697135E-15  0.76713130E-31  0.00000000E+00   42.320000
  -9.186  0.31435489E-15  0.98818995E-31  0.00000000E+00   42.188673
  -9.171  0.35670868E-15  0.12724108E-30  0.00000000E+00   42.057551
  -9.157  0.40468325E-15  0.16376853E-30  0.00000000E+00   41.926633
  -9.143  0.45901285E-15  0.21069280E-30  0.00000000E+00   41.795918
  -9.129  0.52052613E-15  0.27094746E-30  0.00000000E+00   41.665408
  -9.114  0.59015798E-15  0.34828644E-30  0.00000000E+00   41.535102
  -9.100  0.66896297E-15  0.44751146E-30  0.00000000E+00   41.405000
  -9.086  0.75813040E-15  0.57476170E-30  0.00000000E+00   41.275102
  -9.071  0.85900119E-15  0.73788304E-30  0.00000000E+00   41.145408
  -9.057  0.97308692E-15  0.94689815E-30  0.00000000E+00   41.015918
  -9.043  0.11020911E-14  0.12146049E-29  0.00000000E+00   40.886633
  -9.029  0.12479333E-14  0.15573375E-29  0.00000000E+00   40.757551
  -9.014  0.14127757E-14  0.19959353E-29  0.00000000E+00   40.628673
  -9.000  0.15990537E-14  0.25569727E-29  0.00000000E+00   40.500000
  -8.986  0.18095093E-14  0.32743240E-29  0.00000000E+00   40.371531
  -8.971  0.20472296E-14  0.41911491E-29  0.00000000E+00   40.243265
  -8.957  0.23156889E-14  0.53624152E-29  0.00000000E+00   40.115204
  -8.943  0.26187969E-14  0.68580970E-29  0.00000000E+00   39.987347
  -8.929  0.29609517E-14  0.87672348E-29  0.00000000E+00   39.859694
  -8.914  0.33471003E-14  0.11203081E-28  0.00000000E+00   39.732245
  -8.900  0.37828057E-14  0.14309619E-28  0.00000000E+00   39.605000
  -8.886  0.42743218E-14  0.18269827E-28  0.00000000E+00   39.477959
  -8.871  0.48286782E-14  0.23316133E-28  0.00000000E+00   39.351122
  -8.857  0.54537745E-14  0.29743656E-28  0.00000000E+00   39.224490
  -8.843  0.61584855E-14  0.37926944E-28  0.00000000E+00   39.098061
  -8.829  0.69527804E-14  0.48341155E-28  0.00000000E+00   38.971837
  -8.814  0.78478541E-14  0.61588814E-28  0.00000000E+00   38.845816
  -8.800  0.88562759E-14  0.78433622E-28  0.00000000E+00   38.720000
  -8.786  0.99921547E-14  0.99843155E-28  0.00000000E+00   38.594388
  -8.771  0.11271324E-13  0.12704275E-27  0.00000000E+00   38.468980
  -8.757  0.12711550E-13  0.16158351E-27  0.00000000E+00   38.343776
  -8.743  0.14332761E-13  0.20542803E-27  0.00000000E+00   38.218776
  -8.729  0.16157305E-13  0.26105852E-27  0.00000000E+00   38.093980
  -8.714  0.18210243E-13  0.33161297E-27  0.00000000E+00   37.969388
  -8.700  0.20519666E-13  0.42105670E-27  0.00000000E+00   37.845000
  -8.686  0.23117057E-13  0.53439833E-27  0.00000000E+00   37.720816
  -8.671  0.26037693E-13  0.67796144E-27  0.00000000E+00   37.596837
  -8.657  0.29321092E-13  0.85972642E-27  0.00000000E+00   37.473061
  -8.643  0.33011514E-13  0.10897601E-26  0.00000000E+00   37.349490
  -8.629  0.37158521E-13  0.13807557E-26  0.00000000E+00   37.226122
  -8.614  0.41817594E-13  0.17487112E-26  0.00000000E+00   37.102959
  -8.600  0.47050831E-13  0.22137807E-26  0.00000000E+00   36.980000
  -8.586  0.52927719E-13  0.28013434E-26  0.00000000E+00   36.857245
  -8.571  0.59525995E-13  0.35433441E-26  0.00000000E+00   36.734694
  -8.557  0.66932608E-13  0.44799740E-26  0.00000000E+00   36.612347
  -8.543  0.75244786E-13  0.56617778E-26  0.00000000E+00   36.490204
  -8.529  0.84571230E-13  0.71522930E-26  0.00000000E+00   36.368265
  -8.514  0.95033438E-13  0.90313544E-26  0.00000000E+00   36.246531
  -8.500  0.10676718E-12  0.11399231E-25  0.00000000E+00   36.125000
  -8.486  0.11992415E-12  0.14381801E-25  0.00000000E+00   36.003673
  -8.471  0.13467377E-12  0.18137025E-25  0.00000000E+00   35.882551
  -8.457  0.15120526E-12  0.22863032E-25  0.00000000E+00   35.761633
  -8.443  0.16972987E-12  0.28808230E-25  0.00000000E+00   35.640918
  -8.429  0.19048340E-12  0.36283926E-25  0.00000000E+00   35.520408
  -8.414  0.21372900E-12  0.45680084E-25  0.00000000E+00   35.400102
  -8.400  0.23976026E-12  0.57484984E-25  0.00000000E+00   35.280000
  -8.386  0.26890471E-12  0.72309741E-25  0.00000000E+00   35.160102
  -8.371  0.30152756E-12  0.90918870E-25  0.00000000E+00   35.040408
  -8.357  0.33803606E-12  0.11426838E-24  0.00000000E+00   34.920918
  -8.343  0.37888416E-12  0.14355320E-24  0.00000000E+00   34.801633
  -8.329  0.42457775E-12  0.18026627E-24  0.00000000E+00   34.682551
  -8.314  0.47568054E-12  0.22627198E-24  0.00000000E+00   34.563673
  -8.300  0.53282045E-12  0.28389763E-24  0.00000000E+00   34.445000
  -8.286  0.59669682E-12  0.35604709E-24  0.00000000E+00   34.326531
  -8.271  0.66808831E-12  0.44634199E-24  0.00000000E+00   34.208265
  -8.257  0.74786177E-12  0.55929723E-24  0.00000000E+00   34.090204
  -8.243  0.83698193E-12  0.70053876E-24  0.00000000E+00   33.972347
  -8.229  0.93652227E-12  0.87707396E-24  0.00000000E+00   33.854694
  -8.214  0.10476770E-11  0.10976270E-23  0.00000000E+00   33.737245
  -8.200  0.11717742E-11  0.13730547E-23  0.00000000E+00   33.620000
  -8.186  0.13102908E-11  0.17168620E-23  0.00000000E+00   33.502959
  -8.171  0.14648686E-11  0.21458400E-23  0.00000000E+00   33.386122
  -8.157  0.16373324E-11  0.26808572E-23  0.00000000E+00   33.269490
  -8.143  0.18297098E-11  0.33478379E-23  0.00000000E+00   33.153061
  -8.129  0.20442535E-11  0.41789722E-23  0.00000000E+00   33.036837
  -8.114  0.22834654E-11  0.52142141E-23  0.00000000E+00   32.920816
  -8.100  0.25501237E-11  0.65031311E-23  0.00000000E+00   32.805000
  -8.086  0.28473130E-11  0.81071911E-23  0.00000000E+00   32.689388
  -8.071  0.31784564E-11  0.10102585E-22  0.00000000E+00   32.573980
  -8.057  0.35473530E-11  0.12583713E-22  0.00000000E+00   32.458776
  -8.043  0.39582173E-11  0.15667484E-22  0.00000000E+00   32.343776
  -8.029  0.44157240E-11  0.19498618E-22  0.00000000E+00   32.228980
  -8.014  0.49250568E-11  0.24256184E-22  0.00000000E+00   32.114388
  -8.000  0.54919629E-11  0.30161657E-22  0.00000000E+00   32.000000
  -7.986  0.61228125E-11  0.37488833E-22  0.00000000E+00   31.885816
  -7.971  0.68246648E-11  0.46576049E-22  0.00000000E+00   31.771837
  -7.957  0.76053405E-11  0.57841204E-22  0.00000000E+00   31.658061
  -7.943  0.84735025E-11  0.71800245E-22  0.00000000E+00   31.544490
  -7.929  0.94387440E-11  0.89089889E-22  0.00000000E+00   31.431122
  -7.914  0.10511686E-10  0.11049554E-21  0.00000000E+00   31.317959
  -7.900  0.11704085E-10  0.13698561E-21  0.00000000E+00   31.205000
  -7.886  0.13028951E-10  0.16975356E-21  0.00000000E+00   31.092245
  -7.871  0.14500678E-10  0.21026966E-21  0.00000000E+00   30.979694
  -7.857  0.16135188E-10  0.26034428E-21  0.00000000E+00   30.867347
  -7.843  0.17950088E-10  0.32220566E-21  0.00000000E+00   30.755204
  -7.829  0.19964846E-10  0.39859509E-21  0.00000000E+00   30.643265
  -7.814  0.22200981E-10  0.49288356E-21  0.00000000E+00   30.531531
  -7.800  0.24682273E-10  0.60921461E-21  0.00000000E+00   30.420000
  -7.786  0.27434997E-10  0.75267905E-21  0.00000000E+00   30.308673
  -7.771  0.30488175E-10  0.92952882E-21  0.00000000E+00   30.197551
  -7.757  0.33873860E-10  0.11474384E-20  0.00000000E+00   30.086633
  -7.743  0.37627439E-10  0.14158241E-20  0.00000000E+00   29.975918
  -7.729  0.41787975E-10  0.17462349E-20  0.00000000E+00   29.865408
  -7.714  0.46398580E-10  0.21528282E-20  0.00000000E+00   29.755102
  -7.700  0.51506817E-10  0.26529522E-20  0.00000000E+00   29.645000
  -7.686  0.57165155E-10  0.32678549E-20  0.00000000E+00   29.535102
  -7.671  0.63431456E-10  0.40235496E-20  0.00000000E+00   29.425408
  -7.657  0.70369520E-10  0.49518694E-20  0.00000000E+00   29.315918
  -7.643  0.78049673E-10  0.60917515E-20  0.00000000E+00   29.206633
  -7.629  0.86549420E-10  0.74908021E-20  0.00000000E+00   29.097551
  -7.614  0.95954156E-10  0.92072000E-20  0.00000000E+00   28.988673
  -7.600  0.10635795E-09  0.11312013E-19  0.00000000E+00   28.880000
  -7.586  0.11786439E-09  0.13892015E-19  0.00000000E+00   28.771531
  -7.571  0.13058756E-09  0.17053110E-19  0.00000000E+00   28.663265
  -7.557  0.14465300E-09  0.20924490E-19  0.00000000E+00   28.555204
  -7.543  0.16019890E-09  0.25663689E-19  0.00000000E+00   28.447347
  -7.529  0.17737732E-09  0.31462713E-19  0.00000000E+00   28.339694
  -7.514  0.19635549E-09  0.38555477E-19  0.00000000E+00   28.232245
  -7.500  0.21731735E-09  0.47226830E-19  0.00000000E+00   28.125000
  -7.486  0.24046514E-09  0.57823485E-19  0.00000000E+00   28.017959
  -7.471  0.26602118E-09  0.70767271E-19  0.00000000E+00   27.911122
  -7.457  0.29422980E-09  0.86571173E-19  0.00000000E+00   27.804490
  -7.443  0.32535943E-09  0.10585876E-18  0.00000000E+00   27.698061
  -7.429  0.35970497E-09  0.12938767E-18  0.00000000E+00   27.591837
  -7.414  0.39759028E-09  0.15807803E-18  0.00000000E+00   27.485816
  -7.400  0.43937094E-09  0.19304682E-18  0.00000000E+00   27.380000
  -7.386  0.48543729E-09  0.23564936E-18  0.00000000E+00   27.274388
  -7.371  0.53621771E-09  0.28752943E-18  0.00000000E+00   27.168980
  -7.357  0.59218222E-09  0.35067978E-18  0.00000000E+00   27.063776
  -7.343  0.65384642E-09  0.42751514E-18  0.00000000E+00   26.958776
  -7.329  0.72177574E-09  0.52096022E-18  0.00000000E+00   26.853980
  -7.314  0.79659016E-09  0.63455589E-18  0.00000000E+00   26.749388
  -7.300  0.87896929E-09  0.77258702E-18  0.00000000E+00   26.645000
  -7.286  0.96965793E-09  0.94023650E-18  0.00000000E+00   26.540816
  -7.271  0.10694721E-08  0.11437706E-17  0.00000000E+00   26.436837
  -7.257  0.11793058E-08  0.13907621E-17  0.00000000E+00   26.333061
  -7.243  0.13001378E-08  0.16903583E-17  0.00000000E+00   26.229490
  -7.229  0.14330401E-08  0.20536040E-17  0.00000000E+00   26.126122
  -7.214  0.15791860E-08  0.24938285E-17  0.00000000E+00   26.022959
  -7.200  0.17398595E-08  0.30271111E-17  0.00000000E+00   25.920000
  -7.186  0.19164654E-08  0.36728398E-17  0.00000000E+00   25.817245
  -7.171  0.21105406E-08  0.44543817E-17  0.00000000E+00   25.714694
  -7.157  0.23237656E-08  0.53998865E-17  0.00000000E+00   25.612347
  -7.143  0.25579778E-08  0.65432506E-17  0.00000000E+00   25.510204
  -7.129  0.28151859E-08  0.79252714E-17  0.00000000E+00   25.408265
  -7.114  0.30975846E-08  0.95950304E-17  0.00000000E+00   25.306531
  -7.100  0.34075722E-08  0.11611549E-16  0.00000000E+00   25.205000
  -7.086  0.37477683E-08  0.14045767E-16  0.00000000E+00   25.103673
  -7.071  0.41210333E-08  0.16982916E-16  0.00000000E+00   25.002551
  -7.057  0.45304906E-08  0.20525345E-16  0.00000000E+00   24.901633
  -7.043  0.49795493E-08  0.24795912E-16  0.00000000E+00   24.800918
  -7.029  0.54719297E-08  0.29942015E-16  0.00000000E+00   24.700408
  -7.014  0.60116906E-08  0.36140424E-16  0.00000000E+00   24.600102
  -7.000  0.66032593E-08  0.43603033E-16  0.00000000E+00   24.500000
  -6.986  0.72514636E-08  0.52583724E-16  0.00000000E+00   24.400102
  -6.971  0.79615671E-08  0.63386550E-16  0.00000000E+00   24.300408
  -6.957  0.87393068E-08  0.76375484E-16  0.00000000E+00   24.200918
  -6.943  0.95909347E-08  0.91986028E-16  0.00000000E+00   24.101633
  -6.929  0.10523262E-07  0.11073904E-15  0.00000000E+00   24.002551
  -6.914  0.11543706E-07  0.13325715E-15  0.00000000E+00   23.903673
  -6.900  0.12660347E-07  0.16028438E-15  0.00000000E+00   23.805000
  -6.886  0.13881978E-07  0.19270932E-15  0.00000000E+00   23.706531
  -6.871  0.15218172E-07  0.23159277E-15  0.00000000E+00   23.608265
  -6.857  0.16679345E-07  0.27820055E-15  0.00000000E+00   23.510204
  -6.843  0.18276828E-07  0.33404243E-15  0.00000000E+00   23.412347
  -6.829  0.20022945E-07  0.40091833E-15  0.00000000E+00   23.314694
  -6.814  0.21931098E-07  0.48097304E-15  0.00000000E+00   23.217245
  -6.800  0.24015854E-07  0.57676123E-15  0.00000000E+00   23.120000
  -6.786  0.26293047E-07  0.69132433E-15  0.00000000E+00   23.022959
  -6.771  0.28779882E-07  0.82828159E-15  0.00000000E+00   22.926122
  -6.757  0.31495047E-07  0.99193797E-15  0.00000000E+00   22.829490
  -6.743  0.34458840E-07  0.11874116E-14  0.00000000E+00   22.733061
  -6.729  0.37693300E-07  0.14207848E-14  0.00000000E+00   22.636837
  -6.714  0.41222350E-07  0.16992821E-14  0.00000000E+00   22.540816
  -6.700  0.45071954E-07  0.20314811E-14  0.00000000E+00   22.445000
  -6.686  0.49270283E-07  0.24275608E-14  0.00000000E+00   22.349388
  -6.671  0.53847895E-07  0.28995958E-14  0.00000000E+00   22.253980
  -6.657  0.58837927E-07  0.34619016E-14  0.00000000E+00   22.158776
  -6.643  0.64276310E-07  0.41314440E-14  0.00000000E+00   22.063776
  -6.629  0.70201989E-07  0.49283193E-14  0.00000000E+00   21.968980
  -6.614  0.76657170E-07  0.58763217E-14  0.00000000E+00   21.874388
  -6.600  0.83687576E-07  0.70036105E-14  0.00000000E+00   21.780000
  -6.586  0.91342737E-07  0.83434956E-14  0.00000000E+00   21.685816
  -6.571  0.99676284E-07  0.99353615E-14  0.00000000E+00   21.591837
  -6.557  0.10874628E-06  0.11825754E-13  0.00000000E+00   21.498061
  -6.543  0.11861557E-06  0.14069654E-13  0.00000000E+00   21.404490
  -6.529  0.12935217E-06  0.16731983E-13  0.00000000E+00   21.311122
  -6.514  0.14102963E-06  0.19889357E-13  0.00000000E+00   21.217959
  -6.500  0.15372753E-06  0.23632155E-13  0.00000000E+00   21.125000
  -6.486  0.16753192E-06  0.28066943E-13  0.00000000E+00   21.032245
  -6.471  0.18253578E-06  0.33319312E-13  0.00000000E+00   20.939694
  -6.457  0.19883966E-06  0.39537210E-13  0.00000000E+00   20.847347
  -6.443  0.21655216E-06  0.46894836E-13  0.00000000E+00   20.755204
  -6.429  0.23579060E-06  0.55597205E-13  0.00000000E+00   20.663265
  -6.414  0.25668169E-06  0.65885490E-13  0.00000000E+00   20.571531
  -6.400  0.27936224E-06  0.78043260E-13  0.00000000E+00   20.480000
  -6.386  0.30397991E-06  0.92403787E-13  0.00000000E+00   20.388673
  -6.371  0.33069407E-06  0.10935857E-12  0.00000000E+00   20.297551
  -6.357  0.35967664E-06  0.12936728E-12  0.00000000E+00   20.206633
  -6.343  0.39111306E-06  0.15296943E-12  0.00000000E+00   20.115918
  -6.329  0.42520332E-06  0.18079786E-12  0.00000000E+00   20.025408
  -6.314  0.46216300E-06  0.21359464E-12  0.00000000E+00   19.935102
  -6.300  0.50222446E-06  0.25222941E-12  0.00000000E+00   19.845000
  -6.286  0.54563810E-06  0.29772093E-12  0.00000000E+00   19.755102
  -6.271  0.59267362E-06  0.35126202E-12  0.00000000E+00   19.665408
  -6.257  0.64362154E-06  0.41424868E-12  0.00000000E+00   19.575918
  -6.243  0.69879463E-06  0.48831394E-12  0.00000000E+00   19.486633
  -6.229  0.75852961E-06  0.57536717E-12  0.00000000E+00   19.397551
  -6.214  0.82318882E-06  0.67763983E-12  0.00000000E+00   19.308673
  -6.200  0.89316213E-06  0.79773859E-12  0.00000000E+00   19.220000
  -6.186  0.96886889E-06  0.93870693E-12  0.00000000E+00   19.131531
  -6.171  0.10507601E-05  0.11040967E-11  0.00000000E+00   19.043265
  -6.157  0.11393205E-05  0.12980512E-11  0.00000000E+00   18.955204
  -6.143  0.12350713E-05  0.15254010E-11  0.00000000E+00   18.867347
  -6.129  0.13385723E-05  0.17917759E-11  0.00000000E+00   18.779694
  -6.114  0.14504253E-05  0.21037335E-11  0.00000000E+00   18.692245
  -6.100  0.15712762E-05  0.24689088E-11  0.00000000E+00   18.605000
  -6.086  0.17018187E-05  0.28961868E-11  0.00000000E+00   18.517959
  -6.071  0.18427975E-05  0.33959027E-11  0.00000000E+00   18.431122
  -6.057  0.19950118E-05  0.39800722E-11  0.00000000E+00   18.344490
  -6.043  0.21593191E-05  0.46626588E-11  0.00000000E+00   18.258061
  -6.029  0.23366389E-05  0.54598814E-11  0.00000000E+00   18.171837
  -6.014  0.25279577E-05  0.63905699E-11  0.00000000E+00   18.085816
  -6.000  0.27343327E-05  0.74765752E-11  0.00000000E+00   18.000000
  -5.986  0.29568972E-05  0.87432411E-11  0.00000000E+00   17.914388
  -5.971  0.31968656E-05  0.10219950E-10  0.00000000E+00   17.828980
  -5.957  0.34555388E-05  0.11940749E-10  0.00000000E+00   17.743776
  -5.943  0.37343100E-05  0.13945071E-10  0.00000000E+00   17.658776
  -5.929  0.40346708E-05  0.16278569E-10  0.00000000E+00   17.573980
  -5.914  0.43582181E-05  0.18994065E-10  0.00000000E+00   17.489388
  -5.900  0.47066605E-05  0.22152653E-10  0.00000000E+00   17.405000
  -5.886  0.50818262E-05  0.25824958E-10  0.00000000E+00   17.320816
  -5.871  0.54856706E-05  0.30092582E-10  0.00000000E+00   17.236837
  -5.857  0.59202844E-05  0.35049767E-10  0.00000000E+00   17.153061
  -5.843  0.63879029E-05  0.40805303E-10  0.00000000E+00   17.069490
  -5.829  0.68909148E-05  0.47484707E-10  0.00000000E+00   16.986122
  -5.814  0.74318725E-05  0.55232729E-10  0.00000000E+00   16.902959
  -5.800  0.80135024E-05  0.64216221E-10  0.00000000E+00   16.820000
  -5.786  0.86387160E-05  0.74627415E-10  0.00000000E+00   16.737245
  -5.771  0.93106217E-05  0.86687676E-10  0.00000000E+00   16.654694
  -5.757  0.10032537E-04  0.10065180E-09  0.00000000E+00   16.572347
  -5.743  0.10808002E-04  0.11681291E-09  0.00000000E+00   16.490204
  -5.729  0.11640794E-04  0.13550808E-09  0.00000000E+00   16.408265
  -5.714  0.12534939E-04  0.15712469E-09  0.00000000E+00   16.326531
  -5.700  0.13494732E-04  0.18210780E-09  0.00000000E+00   16.245000
  -5.686  0.14524751E-04  0.21096838E-09  0.00000000E+00   16.163673
  -5.671  0.15629872E-04  0.24429289E-09  0.00000000E+00   16.082551
  -5.657  0.16815292E-04  0.28275405E-09  0.00000000E+00   16.001633
  -5.643  0.18086546E-04  0.32712313E-09  0.00000000E+00   15.920918
  -5.629  0.19449525E-04  0.37828404E-09  0.00000000E+00   15.840408
  -5.614  0.20910504E-04  0.43724918E-09  0.00000000E+00   15.760102
  -5.600  0.22476157E-04  0.50517763E-09  0.00000000E+00   15.680000
  -5.586  0.24153586E-04  0.58339572E-09  0.00000000E+00   15.600102
  -5.571  0.25950345E-04  0.67342041E-09  0.00000000E+00   15.520408
  -5.557  0.27874466E-04  0.77698587E-09  0.00000000E+00   15.440918
  -5.543  0.29934488E-04  0.89607357E-09  0.00000000E+00   15.361633
  -5.529  0.32139484E-04  0.10329464E-08  0.00000000E+00   15.282551
  -5.514  0.34499096E-04  0.11901876E-08  0.00000000E+00   15.203673
  -5.500  0.37023562E-04  0.13707442E-08  0.00000000E+00   15.125000
  -5.486  0.39723758E-04  0.15779769E-08  0.00000000E+00   15.046531
  -5.471  0.42611225E-04  0.18157165E-08  0.00000000E+00   14.968265
  -5.457  0.45698215E-04  0.20883268E-08  0.00000000E+00   14.890204
  -5.443  0.48997724E-04  0.24007769E-08  0.00000000E+00   14.812347
  -5.429  0.52523539E-04  0.27587221E-08  0.00000000E+00   14.734694
  -5.414  0.56290278E-04  0.31685954E-08  0.00000000E+00   14.657245
  -5.400  0.60313439E-04  0.36377110E-08  0.00000000E+00   14.580000
  -5.386  0.64609446E-04  0.41743806E-08  0.00000000E+00   14.502959
  -5.371  0.69195701E-04  0.47880450E-08  0.00000000E+00   14.426122
  -5.357  0.74090633E-04  0.54894219E-08  0.00000000E+00   14.349490
  -5.343  0.79313762E-04  0.62906728E-08  0.00000000E+00   14.273061
  -5.329  0.84885746E-04  0.72055899E-08  0.00000000E+00   14.196837
  -5.314  0.90828452E-04  0.82498077E-08  0.00000000E+00   14.120816
  -5.300  0.97165013E-04  0.94410398E-08  0.00000000E+00   14.045000
  -5.286  0.10391990E-03  0.10799345E-07  0.00000000E+00   13.969388
  -5.271  0.11111898E-03  0.12347427E-07  0.00000000E+00   13.893980
  -5.257  0.11878960E-03  0.14110969E-07  0.00000000E+00   13.818776
  -5.243  0.12696067E-03  0.16119013E-07  0.00000000E+00   13.743776
  -5.229  0.13566273E-03  0.18404376E-07  0.00000000E+00   13.668980
  -5.214  0.14492802E-03  0.21004130E-07  0.00000000E+00   13.594388
  -5.200  0.15479059E-03  0.23960126E-07  0.00000000E+00   13.520000
  -5.186  0.16528638E-03  0.27319589E-07  0.00000000E+00   13.445816
  -5.171  0.17645334E-03  0.31135781E-07  0.00000000E+00   13.371837
  -5.157  0.18833146E-03  0.35468740E-07  0.00000000E+00   13.298061
  -5.143  0.20096296E-03  0.40386109E-07  0.00000000E+00   13.224490
  -5.129  0.21439231E-03  0.45964060E-07  0.00000000E+00   13.151122
  -5.114  0.22866641E-03  0.52288325E-07  0.00000000E+00   13.077959
  -5.100  0.24383467E-03  0.59455346E-07  0.00000000E+00   13.005000
  -5.086  0.25994914E-03  0.67573555E-07  0.00000000E+00   12.932245
  -5.071  0.27706463E-03  0.76764809E-07  0.00000000E+00   12.859694
  -5.057  0.29523884E-03  0.87165971E-07  0.00000000E+00   12.787347
  -5.043  0.31453248E-03  0.98930684E-07  0.00000000E+00   12.715204
  -5.029  0.33500946E-03  0.11223134E-06  0.00000000E+00   12.643265
  -5.014  0.35673696E-03  0.12726126E-06  0.00000000E+00   12.571531
  -5.000  0.37978564E-03  0.14423714E-06  0.00000000E+00   12.500000
  -4.986  0.40422977E-03  0.16340171E-06  0.00000000E+00   12.428673
  -4.971  0.43014738E-03  0.18502677E-06  0.00000000E+00   12.357551
  -4.957  0.45762046E-03  0.20941649E-06  0.00000000E+00   12.286633
  -4.943  0.48673510E-03  0.23691105E-06  0.00000000E+00   12.215918
  -4.929  0.51758167E-03  0.26789079E-06  0.00000000E+00   12.145408
  -4.914  0.55025505E-03  0.30278062E-06  0.00000000E+00   12.075102
  -4.900  0.58485475E-03  0.34205508E-06  0.00000000E+00   12.005000
  -4.886  0.62148515E-03  0.38624379E-06  0.00000000E+00   11.935102
  -4.871  0.66025570E-03  0.43593759E-06  0.00000000E+00   11.865408
  -4.857  0.70128112E-03  0.49179521E-06  0.00000000E+00   11.795918
  -4.843  0.74468161E-03  0.55455070E-06  0.00000000E+00   11.726633
  -4.829  0.79058310E-03  0.62502164E-06  0.00000000E+00   11.657551
  -4.814  0.83911744E-03  0.70411808E-06  0.00000000E+00   11.588673
  -4.800  0.89042266E-03  0.79285251E-06  0.00000000E+00   11.520000
  -4.786  0.94464320E-03  0.89235078E-06  0.00000000E+00   11.451531
  -4.771  0.10019302E-02  0.10038641E-05  0.00000000E+00   11.383265
  -4.757  0.10624416E-02  0.11287822E-05  0.00000000E+00   11.315204
  -4.743  0.11263428E-02  0.12686480E-05  0.00000000E+00   11.247347
  -4.729  0.11938062E-02  0.14251733E-05  0.00000000E+00   11.179694
  -4.714  0.12650125E-02  0.16002565E-05  0.00000000E+00   11.112245
  -4.700  0.13401498E-02  0.17960015E-05  0.00000000E+00   11.045000
  -4.686  0.14194150E-02  0.20147389E-05  0.00000000E+00   10.977959
  -4.671  0.15030133E-02  0.22590489E-05  0.00000000E+00   10.911122
  -4.657  0.15911589E-02  0.25317866E-05  0.00000000E+00   10.844490
  -4.643  0.16840752E-02  0.28361091E-05  0.00000000E+00   10.778061
  -4.629  0.17819950E-02  0.31755063E-05  0.00000000E+00   10.711837
  -4.614  0.18851613E-02  0.35538330E-05  0.00000000E+00   10.645816
  -4.600  0.19938267E-02  0.39753451E-05  0.00000000E+00   10.580000
  -4.586  0.21082549E-02  0.44447386E-05  0.00000000E+00   10.514388
  -4.571  0.22287199E-02  0.49671924E-05  0.00000000E+00   10.448980
  -4.557  0.23555072E-02  0.55484144E-05  0.00000000E+00   10.383776
  -4.543  0.24889139E-02  0.61946922E-05  0.00000000E+00   10.318776
  -4.529  0.26292486E-02  0.69129481E-05  0.00000000E+00   10.253980
  -4.514  0.27768325E-02  0.77107985E-05  0.00000000E+00   10.189388
  -4.500  0.29319992E-02  0.85966192E-05  0.00000000E+00   10.125000
  -4.486  0.30950954E-02  0.95796153E-05  0.00000000E+00   10.060816
  -4.471  0.32664810E-02  0.10669898E-04  0.00000000E+00    9.996837
  -4.457  0.34465298E-02  0.11878568E-04  0.00000000E+00    9.933061
  -4.443  0.36356295E-02  0.13217802E-04  0.00000000E+00    9.869490
  -4.429  0.38341822E-02  0.14700953E-04  0.00000000E+00    9.806122
  -4.414  0.40426052E-02  0.16342657E-04  0.00000000E+00    9.742959
  -4.400  0.42613306E-02  0.18158939E-04  0.00000000E+00    9.680000
  -4.386  0.44908063E-02  0.20167341E-04  0.00000000E+00    9.617245
  -4.371  0.47314962E-02  0.22387056E-04  0.00000000E+00    9.554694
  -4.357  0.49838805E-02  0.24839064E-04  0.00000000E+00    9.492347
  -4.343  0.52484560E-02  0.27546290E-04  0.00000000E+00    9.430204
  -4.329  0.55257368E-02  0.30533767E-04  0.00000000E+00    9.368265
  -4.314  0.58162544E-02  0.33828815E-04  0.00000000E+00    9.306531
  -4.300  0.61205581E-02  0.37461232E-04  0.00000000E+00    9.245000
  -4.286  0.64392155E-02  0.41463496E-04  0.00000000E+00    9.183673
  -4.271  0.67728125E-02  0.45870990E-04  0.00000000E+00    9.122551
  -4.257  0.71219542E-02  0.50722232E-04  0.00000000E+00    9.061633
  -4.243  0.74872648E-02  0.56059134E-04  0.00000000E+00    9.000918
  -4.229  0.78693879E-02  0.61927267E-04  0.00000000E+00    8.940408
  -4.214  0.82689873E-02  0.68376152E-04  0.00000000E+00    8.880102
  -4.200  0.86867468E-02  0.75459570E-04  0.00000000E+00    8.820000
  -4.186  0.91233707E-02  0.83235892E-04  0.00000000E+00    8.760102
  -4.171  0.95795840E-02  0.91768429E-04  0.00000000E+00    8.700408
  -4.157  0.10056133E-01  0.10112581E-03  0.00000000E+00    8.640918
  -4.143  0.10553785E-01  0.11138237E-03  0.00000000E+00    8.581633
  -4.129  0.11073328E-01  0.12261860E-03  0.00000000E+00    8.522551
  -4.114  0.11615574E-01  0.13492156E-03  0.00000000E+00    8.463673
  -4.100  0.12181355E-01  0.14838541E-03  0.00000000E+00    8.405000
  -4.086  0.12771525E-01  0.16311185E-03  0.00000000E+00    8.346531
  -4.071  0.13386961E-01  0.17921074E-03  0.00000000E+00    8.288265
  -4.057  0.14028563E-01  0.19680058E-03  0.00000000E+00    8.230204
  -4.043  0.14697252E-01  0.21600920E-03  0.00000000E+00    8.172347
  -4.029  0.15393971E-01  0.23697433E-03  0.00000000E+00    8.114694
  -4.014  0.16119687E-01  0.25984431E-03  0.00000000E+00    8.057245
  -4.000  0.16875389E-01  0.28477877E-03  0.00000000E+00    8.000000
  -3.986  0.17662089E-01  0.31194939E-03  0.00000000E+00    7.942959
  -3.971  0.18480820E-01  0.34154072E-03  0.00000000E+00    7.886122
  -3.957  0.19332639E-01  0.37375091E-03  0.00000000E+00    7.829490
  -3.943  0.20218622E-01  0.40879268E-03  0.00000000E+00    7.773061
  -3.929  0.21139871E-01  0.44689414E-03  0.00000000E+00    7.716837
  -3.914  0.22097506E-01  0.48829979E-03  0.00000000E+00    7.660816
  -3.900  0.23092672E-01  0.53327149E-03  0.00000000E+00    7.605000
  -3.886  0.24126531E-01  0.58208950E-03  0.00000000E+00    7.549388
  -3.871  0.25200268E-01  0.63505353E-03  0.00000000E+00    7.493980
  -3.857  0.26315089E-01  0.69248390E-03  0.00000000E+00    7.438776
  -3.843  0.27472217E-01  0.75472268E-03  0.00000000E+00    7.383776
  -3.829  0.28672895E-01  0.82213492E-03  0.00000000E+00    7.328980
  -3.814  0.29918387E-01  0.89510987E-03  0.00000000E+00    7.274388
  -3.800  0.31209971E-01  0.97406229E-03  0.00000000E+00    7.220000
  -3.786  0.32548945E-01  0.10594338E-02  0.00000000E+00    7.165816
  -3.771  0.33936621E-01  0.11516943E-02  0.00000000E+00    7.111837
  -3.757  0.35374329E-01  0.12513432E-02  0.00000000E+00    7.058061
  -3.743  0.36863411E-01  0.13589111E-02  0.00000000E+00    7.004490
  -3.729  0.38405223E-01  0.14749612E-02  0.00000000E+00    6.951122
  -3.714  0.40001135E-01  0.16000908E-02  0.00000000E+00    6.897959
  -3.700  0.41652526E-01  0.17349329E-02  0.00000000E+00    6.845000
  -3.686  0.43360787E-01  0.18801578E-02  0.00000000E+00    6.792245
  -3.671  0.45127314E-01  0.20364745E-02  0.00000000E+00    6.739694
  -3.657  0.46953516E-01  0.22046326E-02  0.00000000E+00    6.687347
  -3.643  0.48840802E-01  0.23854239E-02  0.00000000E+00    6.635204
  -3.629  0.50790589E-01  0.25796839E-02  0.00000000E+00    6.583265
  -3.614  0.52804294E-01  0.27882935E-02  0.00000000E+00    6.531531
  -3.600  0.54883338E-01  0.30121808E-02  0.00000000E+00    6.480000
  -3.586  0.57029137E-01  0.32523225E-02  0.00000000E+00    6.428673
  -3.571  0.59243107E-01  0.35097457E-02  0.00000000E+00    6.377551
  -3.557  0.61526658E-01  0.37855297E-02  0.00000000E+00    6.326633
  -3.543  0.63881193E-01  0.40808069E-02  0.00000000E+00    6.275918
  -3.529  0.66308107E-01  0.43967651E-02  0.00000000E+00    6.225408
  -3.514  0.68808781E-01  0.47346484E-02  0.00000000E+00    6.175102
  -3.500  0.71384585E-01  0.50957590E-02  0.00000000E+00    6.125000
  -3.486  0.74036871E-01  0.54814582E-02  0.00000000E+00    6.075102
  -3.471  0.76766972E-01  0.58931680E-02  0.00000000E+00    6.025408
  -3.457  0.79576201E-01  0.63323718E-02  0.00000000E+00    5.975918
  -3.443  0.82465846E-01  0.68006157E-02  0.00000000E+00    5.926633
  -3.429  0.85437167E-01  0.72995096E-02  0.00000000E+00    5.877551
  -3.414  0.88491397E-01  0.78307273E-02  0.00000000E+00    5.828673
  -3.400  0.91629733E-01  0.83960079E-02  0.00000000E+00    5.780000
  -3.386  0.94853337E-01  0.89971555E-02  0.00000000E+00    5.731531
  -3.371  0.98163332E-01  0.96360398E-02  0.00000000E+00    5.683265
  -3.357  0.10156080E+00  0.10314596E-01  0.00000000E+00    5.635204
  -3.343  0.10504678E+00  0.11034825E-01  0.00000000E+00    5.587347
  -3.329  0.10862224E+00  0.11798792E-01  0.00000000E+00    5.539694
  -3.314  0.11228814E+00  0.12608626E-01  0.00000000E+00    5.492245
  -3.300  0.11604534E+00  0.13466520E-01  0.00000000E+00    5.445000
  -3.286  0.11989466E+00  0.14374729E-01  0.00000000E+00    5.397959
  -3.271  0.12383685E+00  0.15335565E-01  0.00000000E+00    5.351122
  -3.257  0.12787260E+00  0.16351403E-01  0.00000000E+00    5.304490
  -3.243  0.13200253E+00  0.17424668E-01  0.00000000E+00    5.258061
  -3.229  0.13622717E+00  0.18557843E-01  0.00000000E+00    5.211837
  -3.214  0.14054699E+00  0.19753458E-01  0.00000000E+00    5.165816
  -3.200  0.14496237E+00  0.21014088E-01  0.00000000E+00    5.120000
  -3.186  0.14947359E+00  0.22342353E-01  0.00000000E+00    5.074388
  -3.171  0.15408085E+00  0.23740909E-01  0.00000000E+00    5.028980
  -3.157  0.15878426E+00  0.25212443E-01  0.00000000E+00    4.983776
  -3.143  0.16358383E+00  0.26759670E-01  0.00000000E+00    4.938776
  -3.129  0.16847946E+00  0.28385327E-01  0.00000000E+00    4.893980
  -3.114  0.17347093E+00  0.30092164E-01  0.00000000E+00    4.849388
  -3.100  0.17855794E+00  0.31882938E-01  0.00000000E+00    4.805000
  -3.086  0.18374005E+00  0.33760405E-01  0.00000000E+00    4.760816
  -3.071  0.18901670E+00  0.35727313E-01  0.00000000E+00    4.716837
  -3.057  0.19438722E+00  0.37786392E-01  0.00000000E+00    4.673061
  -3.043  0.19985080E+00  0.39940344E-01  0.00000000E+00    4.629490
  -3.029  0.20540651E+00  0.42191834E-01  0.00000000E+00    4.586122
  -3.014  0.21105326E+00  0.44543480E-01  0.00000000E+00    4.542959
  -3.000  0.21678985E+00  0.46997839E-01  0.00000000E+00    4.500000
  -2.986  0.22261491E+00  0.49557398E-01  0.00000000E+00    4.457245
  -2.971  0.22852694E+00  0.52224561E-01  0.00000000E+00    4.414694
  -2.957  0.23452427E+00  0.55001632E-01  0.00000000E+00    4.372347
  -2.943  0.24060509E+00  0.57890810E-01  0.00000000E+00    4.330204
  -2.929  0.24676743E+00  0.60894166E-01  0.00000000E+00    4.288265
  -2.914  0.25300915E+00  0.64013632E-01  0.00000000E+00    4.246531
  -2.900  0.25932796E+00  0.67250989E-01  0.00000000E+00    4.205000
  -2.886  0.26572137E+00  0.70607844E-01  0.00000000E+00    4.163673
  -2.871  0.27218674E+00  0.74085623E-01  0.00000000E+00    4.122551
  -2.857  0.27872127E+00  0.77685545E-01  0.00000000E+00    4.081633
  -2.843  0.28532195E+00  0.81408612E-01  0.00000000E+00    4.040918
  -2.829  0.29198560E+00  0.85255592E-01  0.00000000E+00    4.000408
  -2.814  0.29870888E+00  0.89226996E-01  0.00000000E+00    3.960102
  -2.800  0.30548824E+00  0.93323066E-01  0.00000000E+00    3.920000
  -2.786  0.31231996E+00  0.97543755E-01  0.00000000E+00    3.880102
  -2.771  0.31920011E+00  0.10188871E+00  0.00000000E+00    3.840408
  -2.757  0.32612460E+00  0.10635725E+00  0.00000000E+00    3.800918
  -2.743  0.33308912E+00  0.11094836E+00  0.00000000E+00    3.761633
  -2.729  0.34008920E+00  0.11566067E+00  0.00000000E+00    3.722551
  -2.714  0.34712016E+00  0.12049241E+00  0.00000000E+00    3.683673
  -2.700  0.35417713E+00  0.12544144E+00  0.00000000E+00    3.645000
  -2.686  0.36125504E+00  0.13050520E+00  0.00000000E+00    3.606531
  -2.671  0.36834864E+00  0.13568072E+00  0.00000000E+00    3.568265
  -2.657  0.37545249E+00  0.14096457E+00  0.00000000E+00    3.530204
  -2.643  0.38256097E+00  0.14635290E+00  0.25297133E+01    3.492347
  -2.629  0.38966824E+00  0.15184133E+00  0.10397285E+01    3.454694
  -2.614  0.39676828E+00  0.15742507E+00  0.76931092E+00    3.417245
  -2.600  0.40385491E+00  0.16309879E+00  0.63886485E+00    3.380000
  -2.586  0.41092175E+00  0.16885668E+00  0.55846186E+00    3.342959
  -2.571  0.41796223E+00  0.17469242E+00  0.50261579E+00    3.306122
  -2.557  0.42496962E+00  0.18059918E+00  0.46095113E+00    3.269490
  -2.543  0.43193701E+00  0.18656958E+00  0.42834548E+00    3.233061
  -2.529  0.43885733E+00  0.19259575E+00  0.40194050E+00    3.196837
  -2.514  0.44572333E+00  0.19866928E+00  0.37999914E+00    3.160816
  -2.500  0.45252760E+00  0.20478123E+00  0.36139695E+00    3.125000
  -2.486  0.45926261E+00  0.21092214E+00  0.34536966E+00    3.089388
  -2.471  0.46592063E+00  0.21708203E+00  0.33137732E+00    3.053980
  -2.457  0.47249381E+00  0.22325040E+00  0.31902616E+00    3.018776
  -2.443  0.47897419E+00  0.22941627E+00  0.30802139E+00    2.983776
  -2.429  0.48535362E+00  0.23556814E+00  0.29813732E+00    2.948980
  -2.414  0.49162389E+00  0.24169405E+00  0.28919789E+00    2.914388
  -2.400  0.49777664E+00  0.24778159E+00  0.28106344E+00    2.880000
  -2.386  0.50380342E+00  0.25381788E+00  0.27362159E+00    2.845816
  -2.371  0.50969566E+00  0.25978967E+00  0.26678074E+00    2.811837
  -2.357  0.51544474E+00  0.26568328E+00  0.26046540E+00    2.778061
  -2.343  0.52104192E+00  0.27148468E+00  0.25461270E+00    2.744490
  -2.329  0.52647842E+00  0.27717953E+00  0.24916982E+00    2.711122
  -2.314  0.53174540E+00  0.28275317E+00  0.24409200E+00    2.677959
  -2.300  0.53683396E+00  0.28819070E+00  0.23934105E+00    2.645000
  -2.286  0.54173517E+00  0.29347699E+00  0.23488412E+00    2.612245
  -2.271  0.54644008E+00  0.29859676E+00  0.23069283E+00    2.579694
  -2.257  0.55093974E+00  0.30353459E+00  0.22674247E+00    2.547347
  -2.243  0.55522516E+00  0.30827498E+00  0.22301144E+00    2.515204
  -2.229  0.55928741E+00  0.31280241E+00  0.21948075E+00    2.483265
  -2.214  0.56311757E+00  0.31710140E+00  0.21613365E+00    2.451531
  -2.200  0.56670674E+00  0.32115653E+00  0.21295527E+00    2.420000
  -2.186  0.57004611E+00  0.32495257E+00  0.20993238E+00    2.388673
  -2.171  0.57312691E+00  0.32847446E+00  0.20705316E+00    2.357551
  -2.157  0.57594047E+00  0.33170742E+00  0.20430701E+00    2.326633
  -2.143  0.57847820E+00  0.33463703E+00  0.20168440E+00    2.295918
  -2.129  0.58073164E+00  0.33724924E+00  0.19917672E+00    2.265408
  -2.114  0.58269246E+00  0.33953050E+00  0.19677618E+00    2.235102
  -2.100  0.58435245E+00  0.34146778E+00  0.19447572E+00    2.205000
  -2.086  0.58570358E+00  0.34304869E+00  0.19226891E+00    2.175102
  -2.071  0.58673800E+00  0.34426148E+00  0.19014988E+00    2.145408
  -2.057  0.58744803E+00  0.34509519E+00  0.18811327E+00    2.115918
  -2.043  0.58782621E+00  0.34553966E+00  0.18615416E+00    2.086633
  -2.029  0.58786531E+00  0.34558562E+00  0.18426806E+00    2.057551
  -2.014  0.58755831E+00  0.34522477E+00  0.18245079E+00    2.028673
  -2.000  0.58689849E+00  0.34444983E+00  0.18069855E+00    2.000000
  -1.986  0.58587936E+00  0.34325462E+00  0.17900778E+00    1.971531
  -1.971  0.58449475E+00  0.34163411E+00  0.17737524E+00    1.943265
  -1.957  0.58273878E+00  0.33958448E+00  0.17579787E+00    1.915204
  -1.943  0.58060588E+00  0.33710319E+00  0.17427288E+00    1.887347
  -1.929  0.57809085E+00  0.33418903E+00  0.17279765E+00    1.859694
  -1.914  0.57518881E+00  0.33084216E+00  0.17136975E+00    1.832245
  -1.900  0.57189526E+00  0.32706419E+00  0.16998690E+00    1.805000
  -1.886  0.56820608E+00  0.32285815E+00  0.16864698E+00    1.777959
  -1.871  0.56411756E+00  0.31822863E+00  0.16734803E+00    1.751122
  -1.857  0.55962640E+00  0.31318171E+00  0.16608817E+00    1.724490
  -1.843  0.55472971E+00  0.30772505E+00  0.16486569E+00    1.698061
  -1.829  0.54942506E+00  0.30186790E+00  0.16367894E+00    1.671837
  -1.814  0.54371048E+00  0.29562109E+00  0.16252640E+00    1.645816
  -1.800  0.53758445E+00  0.28899704E+00  0.16140663E+00    1.620000
  -1.786  0.53104595E+00  0.28200980E+00  0.16031827E+00    1.594388
  -1.771  0.52409445E+00  0.27467499E+00  0.15926006E+00    1.568980
  -1.757  0.51672991E+00  0.26700979E+00  0.15823077E+00    1.543776
  -1.743  0.50895282E+00  0.25903297E+00  0.15722929E+00    1.518776
  -1.729  0.50076421E+00  0.25076480E+00  0.15625453E+00    1.493980
  -1.714  0.49216563E+00  0.24222701E+00  0.15530549E+00    1.469388
  -1.700  0.48315918E+00  0.23344279E+00  0.15438119E+00    1.445000
  -1.686  0.47374751E+00  0.22443670E+00  0.15348074E+00    1.420816
  -1.671  0.46393384E+00  0.21523461E+00  0.15260326E+00    1.396837
  -1.657  0.45372197E+00  0.20586362E+00  0.15174794E+00    1.373061
  -1.643  0.44311625E+00  0.19635201E+00  0.15091401E+00    1.349490
  -1.629  0.43212163E+00  0.18672910E+00  0.15010072E+00    1.326122
  -1.614  0.42074364E+00  0.17702521E+00  0.14930737E+00    1.302959
  -1.600  0.40898839E+00  0.16727150E+00  0.14853330E+00    1.280000
  -1.586  0.39686260E+00  0.15749993E+00  0.14777786E+00    1.257245
  -1.571  0.38437357E+00  0.14774304E+00  0.14704046E+00    1.234694
  -1.557  0.37152919E+00  0.13803394E+00  0.14632052E+00    1.212347
  -1.543  0.35833795E+00  0.12840609E+00  0.14561748E+00    1.190204
  -1.529  0.34480893E+00  0.11889320E+00  0.14493082E+00    1.168265
  -1.514  0.33095179E+00  0.10952909E+00  0.14426003E+00    1.146531
  -1.500  0.31677679E+00  0.10034753E+00  0.14360465E+00    1.125000
  -1.486  0.30229475E+00  0.91382117E-01  0.14296420E+00    1.103673
  -1.471  0.28751709E+00  0.82666078E-01  0.14233826E+00    1.082551
  -1.457  0.27245578E+00  0.74232153E-01  0.14172640E+00    1.061633
  -1.443  0.25712336E+00  0.66112420E-01  0.14112821E+00    1.040918
  -1.429  0.24153290E+00  0.58338141E-01  0.14054332E+00    1.020408
  -1.414  0.22569803E+00  0.50939603E-01  0.13997136E+00    1.000102
  -1.400  0.20963292E+00  0.43945961E-01  0.13941196E+00    0.980000
  -1.386  0.19335222E+00  0.37385082E-01  0.13886480E+00    0.960102
  -1.371  0.17687112E+00  0.31283393E-01  0.13832955E+00    0.940408
  -1.357  0.16020527E+00  0.25665730E-01  0.13780589E+00    0.920918
  -1.343  0.14337082E+00  0.20555192E-01  0.13729352E+00    0.901633
  -1.329  0.12638435E+00  0.15973004E-01  0.13679216E+00    0.882551
  -1.314  0.10926289E+00  0.11938380E-01  0.13630152E+00    0.863673
  -1.300  0.92023895E-01  0.84683973E-02  0.13582135E+00    0.845000
  -1.286  0.74685206E-01  0.55778800E-02  0.13535138E+00    0.826531
  -1.271  0.57265049E-01  0.32792858E-02  0.13489138E+00    0.808265
  -1.257  0.39782004E-01  0.15826079E-02  0.13444109E+00    0.790204
  -1.243  0.22254985E-01  0.49528434E-03  0.13400029E+00    0.772347
  -1.229  0.47032118E-02  0.22120201E-04  0.13356877E+00    0.754694
  -1.214 -0.12853810E-01  0.16522043E-03  0.13314630E+00    0.737245
  -1.200 -0.30396317E-01  0.92393611E-03  0.13273270E+00    0.720000
  -1.186 -0.47904317E-01  0.22948236E-02  0.13232774E+00    0.702959
  -1.171 -0.65357613E-01  0.42716176E-02  0.13193126E+00    0.686122
  -1.157 -0.82735832E-01  0.68452179E-02  0.13154306E+00    0.669490
  -1.143 -0.10001846E+00  0.10003691E-01  0.13116297E+00    0.653061
  -1.129 -0.11718485E+00  0.13732289E-01  0.13079082E+00    0.636837
  -1.114 -0.13421429E+00  0.18013476E-01  0.13042644E+00    0.620816
  -1.100 -0.15108600E+00  0.22826981E-01  0.13006967E+00    0.605000
  -1.086 -0.16777919E+00  0.28149857E-01  0.12972036E+00    0.589388
  -1.071 -0.18427306E+00  0.33956561E-01  0.12937836E+00    0.573980
  -1.057 -0.20054686E+00  0.40219042E-01  0.12904353E+00    0.558776
  -1.043 -0.21657991E+00  0.46906856E-01  0.12871573E+00    0.543776
  -1.029 -0.23235164E+00  0.53987284E-01  0.12839482E+00    0.528980
  -1.014 -0.24784162E+00  0.61425469E-01  0.12808068E+00    0.514388
  -1.000 -0.26302960E+00  0.69184568E-01  0.12777318E+00    0.500000
  -0.986 -0.27789551E+00  0.77225917E-01  0.12747219E+00    0.485816
  -0.971 -0.29241957E+00  0.85509203E-01  0.12717761E+00    0.471837
  -0.957 -0.30658222E+00  0.93992656E-01  0.12688932E+00    0.458061
  -0.943 -0.32036424E+00  0.10263325E+00  0.12660721E+00    0.444490
  -0.929 -0.33374676E+00  0.11138690E+00  0.12633118E+00    0.431122
  -0.914 -0.34671125E+00  0.12020869E+00  0.12606111E+00    0.417959
  -0.900 -0.35923963E+00  0.12905311E+00  0.12579691E+00    0.405000
  -0.886 -0.37131424E+00  0.13787426E+00  0.12553850E+00    0.392245
  -0.871 -0.38291788E+00  0.14662610E+00  0.12528576E+00    0.379694
  -0.857 -0.39403389E+00  0.15526271E+00  0.12503862E+00    0.367347
  -0.843 -0.40464612E+00  0.16373848E+00  0.12479698E+00    0.355204
  -0.829 -0.41473900E+00  0.17200844E+00  0.12456077E+00    0.343265
  -0.814 -0.42429755E+00  0.18002841E+00  0.12432989E+00    0.331531
  -0.800 -0.43330744E+00  0.18775534E+00  0.12410428E+00    0.320000
  -0.786 -0.44175497E+00  0.19514745E+00  0.12388385E+00    0.308673
  -0.771 -0.44962713E+00  0.20216456E+00  0.12366853E+00    0.297551
  -0.757 -0.45691164E+00  0.20876825E+00  0.12345825E+00    0.286633
  -0.743 -0.46359694E+00  0.21492212E+00  0.12325294E+00    0.275918
  -0.729 -0.46967223E+00  0.22059200E+00  0.12305254E+00    0.265408
  -0.714 -0.47512751E+00  0.22574615E+00  0.12285697E+00    0.255102
  -0.700 -0.47995357E+00  0.23035543E+00  0.12266617E+00    0.245000
  -0.686 -0.48414205E+00  0.23439353E+00  0.12248009E+00    0.235102
  -0.671 -0.48768544E+00  0.23783708E+00  0.12229867E+00    0.225408
  -0.657 -0.49057707E+00  0.24066586E+00  0.12212184E+00    0.215918
  -0.643 -0.49281118E+00  0.24286286E+00  0.12194956E+00    0.206633
  -0.629 -0.49438292E+00  0.24441447E+00  0.12178176E+00    0.197551
  -0.614 -0.49528834E+00  0.24531054E+00  0.12161841E+00    0.188673
  -0.600 -0.49552443E+00  0.24554446E+00  0.12145944E+00    0.180000
  -0.586 -0.49508911E+00  0.24511322E+00  0.12130481E+00    0.171531
  -0.571 -0.49398126E+00  0.24401748E+00  0.12115448E+00    0.163265
  -0.557 -0.49220072E+00  0.24226155E+00  0.12100840E+00    0.155204
  -0.543 -0.48974830E+00  0.23985340E+00  0.12086652E+00    0.147347
  -0.529 -0.48662577E+00  0.23680464E+00  0.12072880E+00    0.139694
  -0.514 -0.48283590E+00  0.23313050E+00  0.12059521E+00    0.132245
  -0.500 -0.47838240E+00  0.22884972E+00  0.12046571E+00    0.125000
  -0.486 -0.47326998E+00  0.22398448E+00  0.12034025E+00    0.117959
  -0.471 -0.46750434E+00  0.21856031E+00  0.12021880E+00    0.111122
  -0.457 -0.46109211E+00  0.21260594E+00  0.12010132E+00    0.104490
  -0.443 -0.45404093E+00  0.20615316E+00  0.11998779E+00    0.098061
  -0.429 -0.44635937E+00  0.19923668E+00  0.11987818E+00    0.091837
  -0.414 -0.43805696E+00  0.19189390E+00  0.11977243E+00    0.085816
  -0.400 -0.42914418E+00  0.18416472E+00  0.11967054E+00    0.080000
  -0.386 -0.41963242E+00  0.17609137E+00  0.11957247E+00    0.074388
  -0.371 -0.40953400E+00  0.16771810E+00  0.11947820E+00    0.068980
  -0.357 -0.39886214E+00  0.15909101E+00  0.11938769E+00    0.063776
  -0.343 -0.38763094E+00  0.15025774E+00  0.11930093E+00    0.058776
  -0.329 -0.37585534E+00  0.14126723E+00  0.11921788E+00    0.053980
  -0.314 -0.36355115E+00  0.13216944E+00  0.11913853E+00    0.049388
  -0.300 -0.35073500E+00  0.12301504E+00  0.11906286E+00    0.045000
  -0.286 -0.33742431E+00  0.11385517E+00  0.11899083E+00    0.040816
  -0.271 -0.32363727E+00  0.10474108E+00  0.11892245E+00    0.036837
  -0.257 -0.30939281E+00  0.95723913E-01  0.11885768E+00    0.033061
  -0.243 -0.29471060E+00  0.86854338E-01  0.11879650E+00    0.029490
  -0.229 -0.27961097E+00  0.78182296E-01  0.11873891E+00    0.026122
  -0.214 -0.26411494E+00  0.69756699E-01  0.11868489E+00    0.022959
  -0.200 -0.24824412E+00  0.61625141E-01  0.11863442E+00    0.020000
  -0.186 -0.23202073E+00  0.53833621E-01  0.11858748E+00    0.017245
  -0.171 -0.21546757E+00  0.46426274E-01  0.11854408E+00    0.014694
  -0.157 -0.19860793E+00  0.39445110E-01  0.11850418E+00    0.012347
  -0.143 -0.18146560E+00  0.32929764E-01  0.11846779E+00    0.010204
  -0.129 -0.16406483E+00  0.26917267E-01  0.11843490E+00    0.008265
  -0.114 -0.14643026E+00  0.21441820E-01  0.11840549E+00    0.006531
  -0.100 -0.12858692E+00  0.16534596E-01  0.11837956E+00    0.005000
  -0.086 -0.11056018E+00  0.12223553E-01  0.11835710E+00    0.003673
  -0.071 -0.92375674E-01  0.85332652E-02  0.11833811E+00    0.002551
  -0.057 -0.74059321E-01  0.54847831E-02  0.11832258E+00    0.001633
  -0.043 -0.55637233E-01  0.30955016E-02  0.11831050E+00    0.000918
  -0.029 -0.37135694E-01  0.13790597E-02  0.11830187E+00    0.000408
  -0.014 -0.18581117E-01  0.34525790E-03  0.11829670E+00    0.000102
   0.000  0.00000000E+00  0.00000000E+00  0.11829498E+00    0.000000
   0.014  0.18581117E-01  0.34525790E-03  0.11829670E+00    0.000102
   0.029  0.37135694E-01  0.13790597E-02  0.11830187E+00    0.000408
   0.043  0.55637233E-01  0.30955016E-02  0.11831050E+00    0.000918
   0.057  0.74059321E-01  0.54847831E-02  0.11832258E+00    0.001633
   0.071  0.92375674E-01  0.85332652E-02  0.11833811E+00    0.002551
   0.086  0.11056018E+00  0.12223553E-01  0.11835710E+00    0.003673
   0.100  0.12858692E+00  0.16534596E-01  0.11837956E+00    0.005000
   0.114  0.14643026E+00  0.21441820E-01  0.11840549E+00    0.006531
   0.129  0.16406483E+00  0.26917267E-01  0.11843490E+00    0.008265
   0.143  0.18146560E+00  0.32929764E-01  0.11846779E+00    0.010204
   0.157  0.19860793E+00  0.39445110E-01  0.11850418E+00    0.012347
   0.171  0.21546757E+00  0.46426274E-01  0.11854408E+00    0.014694
   0.186  0.23202073E+00  0.53833621E-01  0.11858748E+00    0.017245
   0.200  0.24824412E+00  0.61625141E-01  0.11863442E+00    0.020000
   0.214  0.26411494E+00  0.69756699E-01  0.11868489E+00    0.022959
   0.229  0.27961097E+00  0.78182296E-01  0.11873891E+00    0.026122
   0.243  0.29471060E+00  0.86854338E-01  0.11879650E+00    0.029490
   0.257  0.30939281E+00  0.95723913E-01  0.11885768E+00    0.033061
   0.271  0.32363727E+00  0.10474108E+00  0.11892245E+00    0.036837
   0.286  0.33742431E+00  0.11385517E+00  0.11899083E+00    0.040816
   0.300  0.35073500E+00  0.12301504E+00  0.11906286E+00    0.045000
   0.314  0.36355115E+00  0.13216944E+00  0.11913853E+00    0.049388
   0.329  0.37585534E+00  0.14126723E+00  0.11921788E+00    0.053980
   0.343  0.38763094E+00  0.15025774E+00  0.11930093E+00    0.058776
   0.357  0.39886214E+00  0.15909101E+00  0.11938769E+00    0.063776
   0.371  0.40953400E+00  0.16771810E+00  0.11947820E+00    0.068980
   0.386  0.41963242E+00  0.17609137E+00  0.11957247E+00    0.074388
   0.400  0.42914418E+00  0.18416472E+00  0.11967054E+00    0.080000
   0.414  0.43805696E+00  0.19189390E+00  0.11977243E+00    0.085816
   0.429  0.44635937E+00  0.19923668E+00  0.11987818E+00    0.091837
   0.443  0.45404093E+00  0.20615316E+00  0.11998779E+00    0.098061
   0.457  0.46109211E+00  0.21260594E+00  0.12010132E+00    0.104490
   0.471  0.46750434E+00  0.21856031E+00  0.12021880E+00    0.111122
   0.486  0.47326998E+00  0.22398448E+00  0.12034025E+00    0.117959
   0.500  0.47838240E+00  0.22884972E+00  0.12046571E+00    0.125000
   0.514  0.48283590E+00  0.23313050E+00  0.12059521E+00    0.132245
   0.529  0.48662577E+00  0.23680464E+00  0.12072880E+00    0.139694
   0.543  0.48974830E+00  0.23985340E+00  0.12086652E+00    0.147347
   0.557  0.49220072E+00  0.24226155E+00  0.12100840E+00    0.155204
   0.571  0.49398126E+00  0.24401748E+00  0.12115448E+00    0.163265
   0.586  0.49508911E+00  0.24511322E+00  0.12130481E+00    0.171531
   0.600  0.49552443E+00  0.24554446E+00  0.12145944E+00    0.180000
   0.614  0.49528834E+00  0.24531054E+00  0.12161841E+00    0.188673
   0.629  0.49438292E+00  0.24441447E+00  0.12178176E+00    0.197551
   0.643  0.49281118E+00  0.24286286E+00  0.12194956E+00    0.206633
   0.657  0.49057707E+00  0.24066586E+00  0.12212184E+00    0.215918
   0.671  0.48768544E+00  0.23783708E+00  0.12229867E+00    0.225408
   0.686  0.48414205E+00  0.23439353E+00  0.12248009E+00    0.235102
   0.700  0.47995357E+00  0.23035543E+00  0.12266617E+00    0.245000
   0.714  0.47512751E+00  0.22574615E+00  0.12285697E+00    0.255102
   0.729  0.46967223E+00  0.22059200E+00  0.12305254E+00    0.265408
   0.743  0.46359694E+00  0.21492212E+00  0.12325294E+00    0.275918
   0.757  0.45691164E+00  0.20876825E+00  0.12345825E+00    0.286633
   0.771  0.44962713E+00  0.20216456E+00  0.12366853E+00    0.297551
   0.786  0.44175497E+00  0.19514745E+00  0.12388385E+00    0.308673
   0.800  0.43330744E+00  0.18775534E+00  0.12410428E+00    0.320000
   0.814  0.42429755E+00  0.18002841E+00  0.12432989E+00    0.331531
   0.829  0.41473900E+00  0.17200844E+00  0.12456077E+00    0.343265
   0.843  0.40464612E+00  0.16373848E+00  0.12479698E+00    0.355204
   0.857  0.39403389E+00  0.15526271E+00  0.12503862E+00    0.367347
   0.871  0.38291788E+00  0.14662610E+00  0.12528576E+00    0.379694
   0.886  0.37131424E+00  0.13787426E+00  0.12553850E+00    0.392245
   0.900  0.35923963E+00  0.12905311E+00  0.12579691E+00    0.405000
   0.914  0.34671125E+00  0.12020869E+00  0.12606111E+00    0.417959
   0.929  0.33374676E+00  0.11138690E+00  0.12633118E+00    0.431122
   0.943  0.32036424E+00  0.10263325E+00  0.12660721E+00    0.444490
   0.957  0.30658222E+00  0.93992656E-01  0.12688932E+00    0.458061
   0.971  0.29241957E+00  0.85509203E-01  0.12717761E+00    0.471837
   0.986  0.27789551E+00  0.77225917E-01  0.12747219E+00    0.485816
   1.000  0.26302960E+00  0.69184568E-01  0.12777318E+00    0.500000
   1.014  0.24784162E+00  0.61425469E-01  0.12808068E+00    0.514388
   1.029  0.23235164E+00  0.53987284E-01  0.12839482E+00    0.528980
   1.043  0.21657991E+00  0.46906856E-01  0.12871573E+00    0.543776
   1.057  0.20054686E+00  0.40219042E-01  0.12904353E+00    0.558776
   1.071  0.18427306E+00  0.33956561E-01  0.12937836E+00    0.573980
   1.086  0.16777919E+00  0.28149857E-01  0.12972036E+00    0.589388
   1.100  0.15108600E+00  0.22826981E-01  0.13006967E+00    0.605000
   1.114  0.13421429E+00  0.18013476E-01  0.13042644E+00    0.620816
   1.129  0.11718485E+00  0.13732289E-01  0.13079082E+00    0.636837
   1.143  0.10001846E+00  0.10003691E-01  0.13116297E+00    0.653061
   1.157  0.82735832E-01  0.68452179E-02  0.13154306E+00    0.669490
   1.171  0.65357613E-01  0.42716176E-02  0.13193126E+00    0.686122
   1.186  0.47904317E-01  0.22948236E-02  0.13232774E+00    0.702959
   1.200  0.30396317E-01  0.92393611E-03  0.13273270E+00    0.720000
   1.214  0.12853810E-01  0.16522043E-03  0.13314630E+00    0.737245
   1.229 -0.47032118E-02  0.22120201E-04  0.13356877E+00    0.754694
   1.243 -0.22254985E-01  0.49528434E-03  0.13400029E+00    0.772347
   1.257 -0.39782004E-01  0.15826079E-02  0.13444109E+00    0.790204
   1.271 -0.57265049E-01  0.32792858E-02  0.13489138E+00    0.808265
   1.286 -0.74685206E-01  0.55778800E-02  0.13535138E+00    0.826531
   1.300 -0.92023895E-01  0.84683973E-02  0.13582135E+00    0.845000
   1.314 -0.10926289E+00  0.11938380E-01  0.13630152E+00    0.863673
   1.329 -0.12638435E+00  0.15973004E-01  0.13679216E+00    0.882551
   1.343 -0.14337082E+00  0.20555192E-01  0.13729352E+00    0.901633
   1.357 -0.16020527E+00  0.25665730E-01  0.13780589E+00    0.920918
   1.371 -0.17687112E+00  0.31283393E-01  0.13832955E+00    0.940408
   1.386 -0.19335222E+00  0.37385082E-01  0.13886480E+00    0.960102
   1.400 -0.20963292E+00  0.43945961E-01  0.13941196E+00    0.980000
   1.414 -0.22569803E+00  0.50939603E-01  0.13997136E+00    1.000102
   1.429 -0.24153290E+00  0.58338141E-01  0.14054332E+00    1.020408
   1.443 -0.25712336E+00  0.66112420E-01  0.14112821E+00    1.040918
   1.457 -0.27245578E+00  0.74232153E-01  0.14172640E+00    1.061633
   1.471 -0.28751709E+00  0.82666078E-01  0.14233826E+00    1.082551
   1.486 -0.30229475E+00  0.91382117E-01  0.14296420E+00    1.103673
   1.500 -0.31677679E+00  0.10034753E+00  0.14360465E+00    1.125000
   1.514 -0.33095179E+00  0.10952909E+00  0.14426003E+00    1.146531
   1.529 -0.34480893E+00  0.11889320E+00  0.14493082E+00    1.168265
   1.543 -0.35833795E+00  0.12840609E+00  0.14561748E+00    1.190204
   1.557 -0.37152919E+00  0.13803394E+00  0.14632052E+00    1.212347
   1.571 -0.38437357E+00  0.14774304E+00  0.14704046E+00    1.234694
   1.586 -0.39686260E+00  0.15749993E+00  0.14777786E+00    1.257245
   1.600 -0.40898839E+00  0.16727150E+00  0.14853330E+00    1.280000
   1.614 -0.42074364E+00  0.17702521E+00  0.14930737E+00    1.302959
   1.629 -0.43212163E+00  0.18672910E+00  0.15010072E+00    1.326122
   1.643 -0.44311625E+00  0.19635201E+00  0.15091401E+00    1.349490
   1.657 -0.45372197E+00  0.20586362E+00  0.15174794E+00    1.373061
   1.671 -0.46393384E+00  0.21523461E+00  0.15260326E+00    1.396837
   1.686 -0.47374751E+00  0.22443670E+00  0.15348074E+00    1.420816
   1.700 -0.48315918E+00  0.23344279E+00  0.15438119E+00    1.445000
   1.714 -0.49216563E+00  0.24222701E+00  0.15530549E+00    1.469388
   1.729 -0.50076421E+00  0.25076480E+00  0.15625453E+00    1.493980
   1.743 -0.50895282E+00  0.25903297E+00  0.15722929E+00    1.518776
   1.757 -0.51672991E+00  0.26700979E+00  0.15823077E+00    1.543776
   1.771 -0.52409445E+00  0.27467499E+00  0.15926006E+00    1.568980
   1.786 -0.53104595E+00  0.28200980E+00  0.16031827E+00    1.594388
   1.800 -0.53758445E+00  0.28899704E+00  0.16140663E+00    1.620000
   1.814 -0.54371048E+00  0.29562109E+00  0.16252640E+00    1.645816
   1.829 -0.54942506E+00  0.30186790E+00  0.16367894E+00    1.671837
   1.843 -0.55472971E+00  0.30772505E+00  0.16486569E+00    1.698061
   1.857 -0.55962640E+00  0.31318171E+00  0.16608817E+00    1.724490
   1.871 -0.56411756E+00  0.31822863E+00  0.16734803E+00    1.751122
   1.886 -0.56820608E+00  0.32285815E+00  0.16864698E+00    1.777959
   1.900 -0.57189526E+00  0.32706419E+00  0.16998690E+00    1.805000
   1.914 -0.57518881E+00  0.33084216E+00  0.17136975E+00    1.832245
   1.929 -0.57809085E+00  0.33418903E+00  0.17279765E+00    1.859694
   1.943 -0.58060588E+00  0.33710319E+00  0.17427288E+00    1.887347
   1.957 -0.58273878E+00  0.33958448E+00  0.17579787E+00    1.915204
   1.971 -0.58449475E+00  0.34163411E+00  0.17737524E+00    1.943265
   1.986 -0.58587936E+00  0.34325462E+00  0.17900778E+00    1.971531
   2.000 -0.58689849E+00  0.34444983E+00  0.18069855E+00    2.000000
   2.014 -0.58755831E+00  0.34522477E+00  0.18245079E+00    2.028673
   2.029 -0.58786531E+00  0.34558562E+00  0.18426806E+00    2.057551
   2.043 -0.58782621E+00  0.34553966E+00  0.18615416E+00    2.086633
   2.057 -0.58744803E+00  0.34509519E+00  0.18811327E+00    2.115918
   2.071 -0.58673800E+00  0.34426148E+00  0.19014988E+00    2.145408
   2.086 -0.58570358E+00  0.34304869E+00  0.19226891E+00    2.175102
   2.100 -0.58435245E+00  0.34146778E+00  0.19447572E+00    2.205000
   2.114 -0.58269246E+00  0.33953050E+00  0.19677618E+00    2.235102
   2.129 -0.58073164E+00  0.33724924E+00  0.19917672E+00    2.265408
   2.143 -0.57847820E+00  0.33463703E+00  0.20168440E+00    2.295918
   2.157 -0.57594047E+00  0.33170742E+00  0.20430701E+00    2.326633
   2.171 -0.57312691E+00  0.32847446E+00  0.20705316E+00    2.357551
   2.186 -0.57004611E+00  0.32495257E+00  0.20993238E+00    2.388673
   2.200 -0.56670674E+00  0.32115653E+00  0.21295527E+00    2.420000
   2.214 -0.56311757E+00  0.31710140E+00  0.21613365E+00    2.451531
   2.229 -0.55928741E+00  0.31280241E+00  0.21948075E+00    2.483265
   2.243 -0.55522516E+00  0.30827498E+00  0.22301144E+00    2.515204
   2.257 -0.55093974E+00  0.30353459E+00  0.22674247E+00    2.547347
   2.271 -0.54644008E+00  0.29859676E+00  0.23069283E+00    2.579694
   2.286 -0.54173517E+00  0.29347699E+00  0.23488412E+00    2.612245
   2.300 -0.53683396E+00  0.28819070E+00  0.23934105E+00    2.645000
   2.314 -0.53174540E+00  0.28275317E+00  0.24409200E+00    2.677959
   2.329 -0.52647842E+00  0.27717953E+00  0.24916982E+00    2.711122
   2.343 -0.52104192E+00  0.27148468E+00  0.25461270E+00    2.744490
   2.357 -0.51544474E+00  0.26568328E+00  0.26046540E+00    2.778061
   2.371 -0.50969566E+00  0.25978967E+00  0.26678074E+00    2.811837
   2.386 -0.50380342E+00  0.25381788E+00  0.27362159E+00    2.845816
   2.400 -0.49777664E+00  0.24778159E+00  0.28106344E+00    2.880000
   2.414 -0.49162389E+00  0.24169405E+00  0.28919789E+00    2.914388
   2.429 -0.48535362E+00  0.23556814E+00  0.29813732E+00    2.948980
   2.443 -0.47897419E+00  0.22941627E+00  0.30802139E+00    2.983776
   2.457 -0.47249381E+00  0.22325040E+00  0.31902616E+00    3.018776
   2.471 -0.46592063E+00  0.21708203E+00  0.33137732E+00    3.053980
   2.486 -0.45926261E+00  0.21092214E+00  0.34536966E+00    3.089388
   2.500 -0.45252760E+00  0.20478123E+00  0.36139695E+00    3.125000
   2.514 -0.44572333E+00  0.19866928E+00  0.37999914E+00    3.160816
   2.529 -0.43885733E+00  0.19259575E+00  0.40194050E+00    3.196837
   2.543 -0.43193701E+00  0.18656958E+00  0.42834548E+00    3.233061
   2.557 -0.42496962E+00  0.18059918E+00  0.46095113E+00    3.269490
   2.571 -0.41796223E+00  0.17469242E+00  0.50261579E+00    3.306122
   2.586 -0.41092175E+00  0.16885668E+00  0.55846186E+00    3.342959
   2.600 -0.40385491E+00  0.16309879E+00  0.63886485E+00    3.380000
   2.614 -0.39676828E+00  0.15742507E+00  0.76931092E+00    3.417245
   2.629 -0.38966824E+00  0.15184133E+00  0.10397285E+01    3.454694
   2.643 -0.38256097E+00  0.14635290E+00  0.25297133E+01    3.492347
   2.657 -0.37545249E+00  0.14096457E+00  0.00000000E+00    3.530204
   2.671 -0.36834864E+00  0.13568072E+00  0.00000000E+00    3.568265
   2.686 -0.36125504E+00  0.13050520E+00  0.00000000E+00    3.606531
   2.700 -0.35417713E+00  0.12544144E+00  0.00000000E+00    3.645000
   2.714 -0.34712016E+00  0.12049241E+00  0.00000000E+00    3.683673
   2.729 -0.34008920E+00  0.11566067E+00  0.00000000E+00    3.722551
   2.743 -0.33308912E+00  0.11094836E+00  0.00000000E+00    3.761633
   2.757 -0.32612460E+00  0.10635725E+00  0.00000000E+00    3.800918
   2.771 -0.31920011E+00  0.10188871E+00  0.00000000E+00    3.840408
   2.786 -0.31231996E+00  0.97543755E-01  0.00000000E+00    3.880102
   2.800 -0.30548824E+00  0.93323066E-01  0.00000000E+00    3.920000
   2.814 -0.29870888E+00  0.89226996E-01  0.00000000E+00    3.960102
   2.829 -0.29198560E+00  0.85255592E-01  0.00000000E+00    4.000408
   2.843 -0.28532195E+00  0.81408612E-01  0.00000000E+00    4.040918
   2.857 -0.27872127E+00  0.77685545E-01  0.00000000E+00    4.081633
   2.871 -0.27218674E+00  0.74085623E-01  0.00000000E+00    4.122551
   2.886 -0.26572137E+00  0.70607844E-01  0.00000000E+00    4.163673
   2.900 -0.25932796E+00  0.67250989E-01  0.00000000E+00    4.205000
   2.914 -0.25300915E+00  0.64013632E-01  0.00000000E+00    4.246531
   2.929 -0.24676743E+00  0.60894166E-01  0.00000000E+00    4.288265
   2.943 -0.24060509E+00  0.57890810E-01  0.00000000E+00    4.330204
   2.957 -0.23452427E+00  0.55001632E-01  0.00000000E+00    4.372347
   2.971 -0.22852694E+00  0.52224561E-01  0.00000000E+00    4.414694
   2.986 -0.22261491E+00  0.49557398E-01  0.00000000E+00    4.457245
   3.000 -0.21678985E+00  0.46997839E-01  0.00000000E+00    4.500000
   3.014 -0.21105326E+00  0.44543480E-01  0.00000000E+00    4.542959
   3.029 -0.20540651E+00  0.42191834E-01  0.00000000E+00    4.586122
   3.043 -0.19985080E+00  0.39940344E-01  0.00000000E+00    4.629490
   3.057 -0.19438722E+00  0.37786392E-01  0.00000000E+00    4.673061
   3.071 -0.18901670E+00  0.35727313E-01  0.00000000E+00    4.716837
   3.086 -0.18374005E+00  0.33760405E-01  0.00000000E+00    4.760816
   3.100 -0.17855794E+00  0.31882938E-01  0.00000000E+00    4.805000
   3.114 -0.17347093E+00  0.30092164E-01  0.00000000E+00    4.849388
   3.129 -0.16847946E+00  0.28385327E-01  0.00000000E+00    4.893980
   3.143 -0.16358383E+00  0.26759670E-01  0.00000000E+00    4.938776
   3.157 -0.15878426E+00  0.25212443E-01  0.00000000E+00    4.983776
   3.171 -0.15408085E+00  0.23740909E-01  0.00000000E+00    5.028980
   3.186 -0.14947359E+00  0.22342353E-01  0.00000000E+00    5.074388
   3.200 -0.14496237E+00  0.21014088E-01  0.00000000E+00    5.120000
   3.214 -0.14054699E+00  0.19753458E-01  0.00000000E+00    5.165816
   3.229 -0.13622717E+00  0.18557843E-01  0.00000000E+00    5.211837
   3.243 -0.13200253E+00  0.17424668E-01  0.00000000E+00    5.258061
   3.257 -0.12787260E+00  0.16351403E-01  0.00000000E+00    5.304490
   3.271 -0.12383685E+00  0.15335565E-01  0.00000000E+00    5.351122
   3.286 -0.11989466E+00  0.14374729E-01  0.00000000E+00    5.397959
   3.300 -0.11604534E+00  0.13466520E-01  0.00000000E+00    5.445000
   3.314 -0.11228814E+00  0.12608626E-01  0.00000000E+00    5.492245
   3.329 -0.10862224E+00  0.11798792E-01  0.00000000E+00    5.539694
   3.343 -0.10504678E+00  0.11034825E-01  0.00000000E+00    5.587347
   3.357 -0.10156080E+00  0.10314596E-01  0.00000000E+00    5.635204
   3.371 -0.98163332E-01  0.96360398E-02  0.00000000E+00    5.683265
   3.386 -0.94853337E-01  0.89971555E-02  0.00000000E+00    5.731531
   3.400 -0.91629733E-01  0.83960079E-02  0.00000000E+00    5.780000
   3.414 -0.88491397E-01  0.78307273E-02  0.00000000E+00    5.828673
   3.429 -0.85437167E-01  0.72995096E-02  0.00000000E+00    5.877551
   3.443 -0.82465846E-01  0.68006157E-02  0.00000000E+00    5.926633
   3.457 -0.79576201E-01  0.63323718E-02  0.00000000E+00    5.975918
   3.471 -0.76766972E-01  0.58931680E-02  0.00000000E+00    6.025408
   3.486 -0.74036871E-01  0.54814582E-02  0.00000000E+00    6.075102
   3.500 -0.71384585E-01  0.50957590E-02  0.00000000E+00    6.125000
   3.514 -0.68808781E-01  0.47346484E-02  0.00000000E+00    6.175102
   3.529 -0.66308107E-01  0.43967651E-02  0.00000000E+00    6.225408
   3.543 -0.63881193E-01  0.40808069E-02  0.00000000E+00    6.275918
   3.557 -0.61526658E-01  0.37855297E-02  0.00000000E+00    6.326633
   3.571 -0.59243107E-01  0.35097457E-02  0.00000000E+00    6.377551
   3.586 -0.57029137E-01  0.32523225E-02  0.00000000E+00    6.428673
   3.600 -0.54883338E-01  0.30121808E-02  0.00000000E+00    6.480000
   3.614 -0.52804294E-01  0.27882935E-02  0.00000000E+00    6.531531
   3.629 -0.50790589E-01  0.25796839E-02  0.00000000E+00    6.583265
   3.643 -0.48840802E-01  0.23854239E-02  0.00000000E+00    6.635204
   3.657 -0.46953516E-01  0.22046326E-02  0.00000000E+00    6.687347
   3.671 -0.45127314E-01  0.20364745E-02  0.00000000E+00    6.739694
   3.686 -0.43360787E-01  0.18801578E-02  0.00000000E+00    6.792245
   3.700 -0.41652526E-01  0.17349329E-02  0.00000000E+00    6.845000
   3.714 -0.40001135E-01  0.16000908E-02  0.00000000E+00    6.897959
   3.729 -0.38405223E-01  0.14749612E-02  0.00000000E+00    6.951122
   3.743 -0.36863411E-01  0.13589111E-02  0.00000000E+00    7.004490
   3.757 -0.35374329E-01  0.12513432E-02  0.00000000E+00    7.058061
   3.771 -0.33936621E-01  0.11516943E-02  0.00000000E+00    7.111837
   3.786 -0.32548945E-01  0.10594338E-02  0.00000000E+00    7.165816
   3.800 -0.31209971E-01  0.97406229E-03  0.00000000E+00    7.220000
   3.814 -0.29918387E-01  0.89510987E-03  0.00000000E+00    7.274388
   3.829 -0.28672895E-01  0.82213492E-03  0.00000000E+00    7.328980
   3.843 -0.27472217E-01  0.75472268E-03  0.00000000E+00    7.383776
   3.857 -0.26315089E-01  0.69248390E-03  0.00000000E+00    7.438776
   3.871 -0.25200268E-01  0.63505353E-03  0.00000000E+00    7.493980
   3.886 -0.24126531E-01  0.58208950E-03  0.00000000E+00    7.549388
   3.900 -0.23092672E-01  0.53327149E-03  0.00000000E+00    7.605000
   3.914 -0.22097506E-01  0.48829979E-03  0.00000000E+00    7.660816
   3.929 -0.21139871E-01  0.44689414E-03  0.00000000E+00    7.716837
   3.943 -0.20218622E-01  0.40879268E-03  0.00000000E+00    7.773061
   3.957 -0.19332639E-01  0.37375091E-03  0.00000000E+00    7.829490
   3.971 -0.18480820E-01  0.34154072E-03  0.00000000E+00    7.886122
   3.986 -0.17662089E-01  0.31194939E-03  0.00000000E+00    7.942959
   4.000 -0.16875389E-01  0.28477877E-03  0.00000000E+00    8.000000
   4.014 -0.16119687E-01  0.25984431E-03  0.00000000E+00    8.057245
   4.029 -0.15393971E-01  0.23697433E-03  0.00000000E+00    8.114694
   4.043 -0.14697252E-01  0.21600920E-03  0.00000000E+00    8.172347
   4.057 -0.14028563E-01  0.19680058E-03  0.00000000E+00    8.230204
   4.071 -0.13386961E-01  0.17921074E-03  0.00000000E+00    8.288265
   4.086 -0.12771525E-01  0.16311185E-03  0.00000000E+00    8.346531
   4.100 -0.12181355E-01  0.14838541E-03  0.00000000E+00    8.405000
   4.114 -0.11615574E-01  0.13492156E-03  0.00000000E+00    8.463673
   4.129 -0.11073328E-01  0.12261860E-03  0.00000000E+00    8.522551
   4.143 -0.10553785E-01  0.11138237E-03  0.00000000E+00    8.581633
   4.157 -0.10056133E-01  0.10112581E-03  0.00000000E+00    8.640918
   4.171 -0.95795840E-02  0.91768429E-04  0.00000000E+00    8.700408
   4.186 -0.91233707E-02  0.83235892E-04  0.00000000E+00    8.760102
   4.200 -0.86867468E-02  0.75459570E-04  0.00000000E+00    8.820000
   4.214 -0.82689873E-02  0.68376152E-04  0.00000000E+00    8.880102
   4.229 -0.78693879E-02  0.61927267E-04  0.00000000E+00    8.940408
   4.243 -0.74872648E-02  0.56059134E-04  0.00000000E+00    9.000918
   4.257 -0.71219542E-02  0.50722232E-04  0.00000000E+00    9.061633
   4.271 -0.67728125E-02  0.45870990E-04  0.00000000E+00    9.122551
   4.286 -0.64392155E-02  0.41463496E-04  0.00000000E+00    9.183673
   4.300 -0.61205581E-02  0.37461232E-04  0.00000000E+00    9.245000
   4.314 -0.58162544E-02  0.33828815E-04  0.00000000E+00    9.306531
   4.329 -0.55257368E-02  0.30533767E-04  0.00000000E+00    9.368265
   4.343 -0.52484560E-02  0.27546290E-04  0.00000000E+00    9.430204
   4.357 -0.49838805E-02  0.24839064E-04  0.00000000E+00    9.492347
   4.371 -0.47314962E-02  0.22387056E-04  0.00000000E+00    9.554694
   4.386 -0.44908063E-02  0.20167341E-04  0.00000000E+00    9.617245
   4.400 -0.42613306E-02  0.18158939E-04  0.00000000E+00    9.680000
   4.414 -0.40426052E-02  0.16342657E-04  0.00000000E+00    9.742959
   4.429 -0.38341822E-02  0.14700953E-04  0.00000000E+00    9.806122
   4.443 -0.36356295E-02  0.13217802E-04  0.00000000E+00    9.869490
   4.457 -0.34465298E-02  0.11878568E-04  0.00000000E+00    9.933061
   4.471 -0.32664810E-02  0.10669898E-04  0.00000000E+00    9.996837
   4.486 -0.30950954E-02  0.95796153E-05  0.00000000E+00   10.060816
   4.500 -0.29319992E-02  0.85966192E-05  0.00000000E+00   10.125000
   4.514 -0.27768325E-02  0.77107985E-05  0.00000000E+00   10.189388
   4.529 -0.26292486E-02  0.69129481E-05  0.00000000E+00   10.253980
   4.543 -0.24889139E-02  0.61946922E-05  0.00000000E+00   10.318776
   4.557 -0.23555072E-02  0.55484144E-05  0.00000000E+00   10.383776
   4.571 -0.22287199E-02  0.49671924E-05  0.00000000E+00   10.448980
   4.586 -0.21082549E-02  0.44447386E-05  0.00000000E+00   10.514388
   4.600 -0.19938267E-02  0.39753451E-05  0.00000000E+00   10.580000
   4.614 -0.18851613E-02  0.35538330E-05  0.00000000E+00   10.645816
   4.629 -0.17819950E-02  0.31755063E-05  0.00000000E+00   10.711837
   4.643 -0.16840752E-02  0.28361091E-05  0.00000000E+00   10.778061
   4.657 -0.15911589E-02  0.25317866E-05  0.00000000E+00   10.844490
   4.671 -0.15030133E-02  0.22590489E-05  0.00000000E+00   10.911122
   4.686 -0.14194150E-02  0.20147389E-05  0.00000000E+00   10.977959
   4.700 -0.13401498E-02  0.17960015E-05  0.00000000E+00   11.045000
   4.714 -0.12650125E-02  0.16002565E-05  0.00000000E+00   11.112245
   4.729 -0.11938062E-02  0.14251733E-05  0.00000000E+00   11.179694
   4.743 -0.11263428E-02  0.12686480E-05  0.00000000E+00   11.247347
   4.757 -0.10624416E-02  0.11287822E-05  0.00000000E+00   11.315204
   4.771 -0.10019302E-02  0.10038641E-05  0.00000000E+00   11.383265
   4.786 -0.94464320E-03  0.89235078E-06  0.00000000E+00   11.451531
   4.800 -0.89042266E-03  0.79285251E-06  0.00000000E+00   11.520000
   4.814 -0.83911744E-03  0.70411808E-06  0.00000000E+00   11.588673
   4.829 -0.79058310E-03  0.62502164E-06  0.00000000E+00   11.657551
   4.843 -0.74468161E-03  0.55455070E-06  0.00000000E+00   11.726633
   4.857 -0.70128112E-03  0.49179521E-06  0.00000000E+00   11.795918
   4.871 -0.66025570E-03  0.43593759E-06  0.00000000E+00   11.865408
   4.886 -0.62148515E-03  0.38624379E-06  0.00000000E+00   11.935102
   4.900 -0.58485475E-03  0.34205508E-06  0.00000000E+00   12.005000
   4.914 -0.55025505E-03  0.30278062E-06  0.00000000E+00   12.075102
   4.929 -0.51758167E-03  0.26789079E-06  0.00000000E+00   12.145408
   4.943 -0.48673510E-03  0.23691105E-06  0.00000000E+00   12.215918
   4.957 -0.45762046E-03  0.20941649E-06  0.00000000E+00   12.286633
   4.971 -0.43014738E-03  0.18502677E-06  0.00000000E+00   12.357551
   4.986 -0.40422977E-03  0.16340171E-06  0.00000000E+00   12.428673
   5.000 -0.37978564E-03  0.14423714E-06  0.00000000E+00   12.500000
   5.014 -0.35673696E-03  0.12726126E-06  0.00000000E+00   12.571531
   5.029 -0.33500946E-03  0.11223134E-06  0.00000000E+00   12.643265
   5.043 -0.31453248E-03  0.98930684E-07  0.00000000E+00   12.715204
   5.057 -0.29523884E-03  0.87165971E-07  0.00000000E+00   12.787347
   5.071 -0.27706463E-03  0.76764809E-07  0.00000000E+00   12.859694
   5.086 -0.25994914E-03  0.67573555E-07  0.00000000E+00   12.932245
   5.100 -0.24383467E-03  0.59455346E-07  0.00000000E+00   13.005000
   5.114 -0.22866641E-03  0.52288325E-07  0.00000000E+00   13.077959
   5.129 -0.21439231E-03  0.45964060E-07  0.00000000E+00   13.151122
   5.143 -0.20096296E-03  0.40386109E-07  0.00000000E+00   13.224490
   5.157 -0.18833146E-03  0.35468740E-07  0.00000000E+00   13.298061
   5.171 -0.17645334E-03  0.31135781E-07  0.00000000E+00   13.371837
   5.186 -0.16528638E-03  0.27319589E-07  0.00000000E+00   13.445816
   5.200 -0.15479059E-03  0.23960126E-07  0.00000000E+00   13.520000
   5.214 -0.14492802E-03  0.21004130E-07  0.00000000E+00   13.594388
   5.229 -0.13566273E-03  0.18404376E-07  0.00000000E+00   13.668980
   5.243 -0.12696067E-03  0.16119013E-07  0.00000000E+00   13.743776
   5.257 -0.11878960E-03  0.14110969E-07  0.00000000E+00   13.818776
   5.271 -0.11111898E-03  0.12347427E-07  0.00000000E+00   13.893980
   5.286 -0.10391990E-03  0.10799345E-07  0.00000000E+00   13.969388
   5.300 -0.97165013E-04  0.94410398E-08  0.00000000E+00   14.045000
   5.314 -0.90828452E-04  0.82498077E-08  0.00000000E+00   14.120816
   5.329 -0.84885746E-04  0.72055899E-08  0.00000000E+00   14.196837
   5.343 -0.79313762E-04  0.62906728E-08  0.00000000E+00   14.273061
   5.357 -0.74090633E-04  0.54894219E-08  0.00000000E+00   14.349490
   5.371 -0.69195701E-04  0.47880450E-08  0.00000000E+00   14.426122
   5.386 -0.64609446E-04  0.41743806E-08  0.00000000E+00   14.502959
   5.400 -0.60313439E-04  0.36377110E-08  0.00000000E+00   14.580000
   5.414 -0.56290278E-04  0.31685954E-08  0.00000000E+00   14.657245
   5.429 -0.52523539E-04  0.27587221E-08  0.00000000E+00   14.734694
   5.443 -0.48997724E-04  0.24007769E-08  0.00000000E+00   14.812347
   5.457 -0.45698215E-04  0.20883268E-08  0.00000000E+00   14.890204
   5.471 -0.42611225E-04  0.18157165E-08  0.00000000E+00   14.968265
   5.486 -0.39723758E-04  0.15779769E-08  0.00000000E+00   15.046531
   5.500 -0.37023562E-04  0.13707442E-08  0.00000000E+00   15.125000
   5.514 -0.34499096E-04  0.11901876E-08  0.00000000E+00   15.203673
   5.529 -0.32139484E-04  0.10329464E-08  0.00000000E+00   15.282551
   5.543 -0.29934488E-04  0.89607357E-09  0.00000000E+00   15.361633
   5.557 -0.27874466E-04  0.77698587E-09  0.00000000E+00   15.440918
   5.571 -0.25950345E-04  0.67342041E-09  0.00000000E+00   15.520408
   5.586 -0.24153586E-04  0.58339572E-09  0.00000000E+00   15.600102
   5.600 -0.22476157E-04  0.50517763E-09  0.00000000E+00   15.680000
   5.614 -0.20910504E-04  0.43724918E-09  0.00000000E+00   15.760102
   5.629 -0.19449525E-04  0.37828404E-09  0.00000000E+00   15.840408
   5.643 -0.18086546E-04  0.32712313E-09  0.00000000E+00   15.920918
   5.657 -0.16815292E-04  0.28275405E-09  0.00000000E+00   16.001633
   5.671 -0.15629872E-04  0.24429289E-09  0.00000000E+00   16.082551
   5.686 -0.14524751E-04  0.21096838E-09  0.00000000E+00   16.163673
   5.700 -0.13494732E-04  0.18210780E-09  0.00000000E+00   16.245000
   5.714 -0.12534939E-04  0.15712469E-09  0.00000000E+00   16.326531
   5.729 -0.11640794E-04  0.13550808E-09  0.00000000E+00   16.408265
   5.743 -0.10808002E-04  0.11681291E-09  0.00000000E+00   16.490204
   5.757 -0.10032537E-04  0.10065180E-09  0.00000000E+00   16.572347
   5.771 -0.93106217E-05  0.86687676E-10  0.00000000E+00   16.654694
   5.786 -0.86387160E-05  0.74627415E-10  0.00000000E+00   16.737245
   5.800 -0.80135024E-05  0.64216221E-10  0.00000000E+00   16.820000
   5.814 -0.74318725E-05  0.55232729E-10  0.00000000E+00   16.902959
   5.829 -0.68909148E-05  0.47484707E-10  0.00000000E+00   16.986122
   5.843 -0.63879029E-05  0.40805303E-10  0.00000000E+00   17.069490
   5.857 -0.59202844E-05  0.35049767E-10  0.00000000E+00   17.153061
   5.871 -0.54856706E-05  0.30092582E-10  0.00000000E+00   17.236837
   5.886 -0.50818262E-05  0.25824958E-10  0.00000000E+00   17.320816
   5.900 -0.47066605E-05  0.22152653E-10  0.00000000E+00   17.405000
   5.914 -0.43582181E-05  0.18994065E-10  0.00000000E+00   17.489388
   5.929 -0.40346708E-05  0.16278569E-10  0.00000000E+00   17.573980
   5.943 -0.37343100E-05  0.13945071E-10  0.00000000E+00   17.658776
   5.957 -0.34555388E-05  0.11940749E-10  0.00000000E+00   17.743776
   5.971 -0.31968656E-05  0.10219950E-10  0.00000000E+00   17.828980
   5.986 -0.29568972E-05  0.87432411E-11  0.00000000E+00   17.914388
   6.000 -0.27343327E-05  0.74765752E-11  0.00000000E+00   18.000000
   6.014 -0.25279577E-05  0.63905699E-11  0.00000000E+00   18.085816
   6.029 -0.23366389E-05  0.54598814E-11  0.00000000E+00   18.171837
   6.043 -0.21593191E-05  0.46626588E-11  0.00000000E+00   18.258061
   6.057 -0.19950118E-05  0.39800722E-11  0.00000000E+00   18.344490
   6.071 -0.18427975E-05  0.33959027E-11  0.00000000E+00   18.431122
   6.086 -0.17018187E-05  0.28961868E-11  0.00000000E+00   18.517959
   6.100 -0.15712762E-05  0.24689088E-11  0.00000000E+00   18.605000
   6.114 -0.14504253E-05  0.21037335E-11  0.00000000E+00   18.692245
   6.129 -0.13385723E-05  0.17917759E-11  0.00000000E+00   18.779694
   6.143 -0.12350713E-05  0.15254010E-11  0.00000000E+00   18.867347
   6.157 -0.11393205E-05  0.12980512E-11  0.00000000E+00   18.955204
   6.171 -0.10507601E-05  0.11040967E-11  0.00000000E+00   19.043265
   6.186 -0.96886889E-06  0.93870693E-12  0.00000000E+00   19.131531
   6.200 -0.89316213E-06  0.79773859E-12  0.00000000E+00   19.220000
   6.214 -0.82318882E-06  0.67763983E-12  0.00000000E+00   19.308673
   6.229 -0.75852961E-06  0.57536717E-12  0.00000000E+00   19.397551
   6.243 -0.69879463E-06  0.48831394E-12  0.00000000E+00   19.486633
   6.257 -0.64362154E-06  0.41424868E-12  0.00000000E+00   19.575918
   6.271 -0.59267362E-06  0.35126202E-12  0.00000000E+00   19.665408
   6.286 -0.54563810E-06  0.29772093E-12  0.00000000E+00   19.755102
   6.300 -0.50222446E-06  0.25222941E-12  0.00000000E+00   19.845000
   6.314 -0.46216300E-06  0.21359464E-12  0.00000000E+00   19.935102
   6.329 -0.42520332E-06  0.18079786E-12  0.00000000E+00   20.025408
   6.343 -0.39111306E-06  0.15296943E-12  0.00000000E+00   20.115918
   6.357 -0.35967664E-06  0.12936728E-12  0.00000000E+00   20.206633
   6.371 -0.33069407E-06  0.10935857E-12  0.00000000E+00   20.297551
   6.386 -0.30397991E-06  0.92403787E-13  0.00000000E+00   20.388673
   6.400 -0.27936224E-06  0.78043260E-13  0.00000000E+00   20.480000
   6.414 -0.25668169E-06  0.65885490E-13  0.00000000E+00   20.571531
   6.429 -0.23579060E-06  0.55597205E-13  0.00000000E+00   20.663265
   6.443 -0.21655216E-06  0.46894836E-13  0.00000000E+00   20.755204
   6.457 -0.19883966E-06  0.39537210E-13  0.00000000E+00   20.847347
   6.471 -0.18253578E-06  0.33319312E-13  0.00000000E+00   20.939694
   6.486 -0.16753192E-06  0.28066943E-13  0.00000000E+00   21.032245
   6.500 -0.15372753E-06  0.23632155E-13  0.00000000E+00   21.125000
   6.514 -0.14102963E-06  0.19889357E-13  0.00000000E+00   21.217959
   6.529 -0.12935217E-06  0.16731983E-13  0.00000000E+00   21.311122
   6.543 -0.11861557E-06  0.14069654E-13  0.00000000E+00   21.404490
   6.557 -0.10874628E-06  0.11825754E-13  0.00000000E+00   21.498061
   6.571 -0.99676284E-07  0.99353615E-14  0.00000000E+00   21.591837
   6.586 -0.91342737E-07  0.83434956E-14  0.00000000E+00   21.685816
   6.600 -0.83687576E-07  0.70036105E-14  0.00000000E+00   21.780000
   6.614 -0.76657170E-07  0.58763217E-14  0.00000000E+00   21.874388
   6.629 -0.70201989E-07  0.49283193E-14  0.00000000E+00   21.968980
   6.643 -0.64276310E-07  0.41314440E-14  0.00000000E+00   22.063776
   6.657 -0.58837927E-07  0.34619016E-14  0.00000000E+00   22.158776
   6.671 -0.53847895E-07  0.28995958E-14  0.00000000E+00   22.253980
   6.686 -0.49270283E-07  0.24275608E-14  0.00000000E+00   22.349388
   6.700 -0.45071954E-07  0.20314811E-14  0.00000000E+00   22.445000
   6.714 -0.41222350E-07  0.16992821E-14  0.00000000E+00   22.540816
   6.729 -0.37693300E-07  0.14207848E-14  0.00000000E+00   22.636837
   6.743 -0.34458840E-07  0.11874116E-14  0.00000000E+00   22.733061
   6.757 -0.31495047E-07  0.99193797E-15  0.00000000E+00   22.829490
   6.771 -0.28779882E-07  0.82828159E-15  0.00000000E+00   22.926122
   6.786 -0.26293047E-07  0.69132433E-15  0.00000000E+00   23.022959
   6.800 -0.24015854E-07  0.57676123E-15  0.00000000E+00   23.120000
   6.814 -0.21931098E-07  0.48097304E-15  0.00000000E+00   23.217245
   6.829 -0.20022945E-07  0.40091833E-15  0.00000000E+00   23.314694
   6.843 -0.18276828E-07  0.33404243E-15  0.00000000E+00   23.412347
   6.857 -0.16679345E-07  0.27820055E-15  0.00000000E+00   23.510204
   6.871 -0.15218172E-07  0.23159277E-15  0.00000000E+00   23.608265
   6.886 -0.13881978E-07  0.19270932E-15  0.00000000E+00   23.706531
   6.900 -0.12660347E-07  0.16028438E-15  0.00000000E+00   23.805000
   6.914 -0.11543706E-07  0.13325715E-15  0.00000000E+00   23.903673
   6.929 -0.10523262E-07  0.11073904E-15  0.00000000E+00   24.002551
   6.943 -0.95909347E-08  0.91986028E-16  0.00000000E+00   24.101633
   6.957 -0.87393068E-08  0.76375484E-16  0.00000000E+00   24.200918
   6.971 -0.79615671E-08  0.63386550E-16  0.00000000E+00   24.300408
   6.986 -0.72514636E-08  0.52583724E-16  0.00000000E+00   24.400102
   7.000 -0.66032593E-08  0.43603033E-16  0.00000000E+00   24.500000
   7.014 -0.60116906E-08  0.36140424E-16  0.00000000E+00   24.600102
   7.029 -0.54719297E-08  0.29942015E-16  0.00000000E+00   24.700408
   7.043 -0.49795493E-08  0.24795912E-16  0.00000000E+00   24.800918
   7.057 -0.45304906E-08  0.20525345E-16  0.00000000E+00   24.901633
   7.071 -0.41210333E-08  0.16982916E-16  0.00000000E+00   25.002551
   7.086 -0.37477683E-08  0.14045767E-16  0.00000000E+00   25.103673
   7.100 -0.34075722E-08  0.11611549E-16  0.00000000E+00   25.205000
   7.114 -0.30975846E-08  0.95950304E-17  0.00000000E+00   25.306531
   7.129 -0.28151859E-08  0.79252714E-17  0.00000000E+00   25.408265
   7.143 -0.25579778E-08  0.65432506E-17  0.00000000E+00   25.510204
   7.157 -0.23237656E-08  0.53998865E-17  0.00000000E+00   25.612347
   7.171 -0.21105406E-08  0.44543817E-17  0.00000000E+00   25.714694
   7.186 -0.19164654E-08  0.36728398E-17  0.00000000E+00   25.817245
   7.200 -0.17398595E-08  0.30271111E-17  0.00000000E+00   25.920000
   7.214 -0.15791860E-08  0.24938285E-17  0.00000000E+00   26.022959
   7.229 -0.14330401E-08  0.20536040E-17  0.00000000E+00   26.126122
   7.243 -0.13001378E-08  0.16903583E-17  0.00000000E+00   26.229490
   7.257 -0.11793058E-08  0.13907621E-17  0.00000000E+00   26.333061
   7.271 -0.10694721E-08  0.11437706E-17  0.00000000E+00   26.436837
   7.286 -0.96965793E-09  0.94023650E-18  0.00000000E+00   26.540816
   7.300 -0.87896929E-09  0.77258702E-18  0.00000000E+00   26.645000
   7.314 -0.79659016E-09  0.63455589E-18  0.00000000E+00   26.749388
   7.329 -0.72177574E-09  0.52096022E-18  0.00000000E+00   26.853980
   7.343 -0.65384642E-09  0.42751514E-18  0.00000000E+00   26.958776
   7.357 -0.59218222E-09  0.35067978E-18  0.00000000E+00   27.063776
   7.371 -0.53621771E-09  0.28752943E-18  0.00000000E+00   27.168980
   7.386 -0.48543729E-09  0.23564936E-18  0.00000000E+00   27.274388
   7.400 -0.43937094E-09  0.19304682E-18  0.00000000E+00   27.380000
   7.414 -0.39759028E-09  0.15807803E-18  0.00000000E+00   27.485816
   7.429 -0.35970497E-09  0.12938767E-18  0.00000000E+00   27.591837
   7.443 -0.32535943E-09  0.10585876E-18  0.00000000E+00   27.698061
   7.457 -0.29422980E-09  0.86571173E-19  0.00000000E+00   27.804490
   7.471 -0.26602118E-09  0.70767271E-19  0.00000000E+00   27.911122
   7.486 -0.24046514E-09  0.57823485E-19  0.00000000E+00   28.017959
   7.500 -0.21731735E-09  0.47226830E-19  0.00000000E+00   28.125000
   7.514 -0.19635549E-09  0.38555477E-19  0.00000000E+00   28.232245
   7.529 -0.17737732E-09  0.31462713E-19  0.00000000E+00   28.339694
   7.543 -0.16019890E-09  0.25663689E-19  0.00000000E+00   28.447347
   7.557 -0.14465300E-09  0.20924490E-19  0.00000000E+00   28.555204
   7.571 -0.13058756E-09  0.17053110E-19  0.00000000E+00   28.663265
   7.586 -0.11786439E-09  0.13892015E-19  0.00000000E+00   28.771531
   7.600 -0.10635795E-09  0.11312013E-19  0.00000000E+00   28.880000
   7.614 -0.95954156E-10  0.92072000E-20  0.00000000E+00   28.988673
   7.629 -0.86549420E-10  0.74908021E-20  0.00000000E+00   29.097551
   7.643 -0.78049673E-10  0.60917515E-20  0.00000000E+00   29.206633
   7.657 -0.70369520E-10  0.49518694E-20  0.00000000E+00   29.315918
   7.671 -0.63431456E-10  0.40235496E-20  0.00000000E+00   29.425408
   7.686 -0.57165155E-10  0.32678549E-20  0.00000000E+00   29.535102
   7.700 -0.51506817E-10  0.26529522E-20  0.00000000E+00   29.645000
   7.714 -0.46398580E-10  0.21528282E-20  0.00000000E+00   29.755102
   7.729 -0.41787975E-10  0.17462349E-20  0.00000000E+00   29.865408
   7.743 -0.37627439E-10  0.14158241E-20  0.00000000E+00   29.975918
   7.757 -0.33873860E-10  0.11474384E-20  0.00000000E+00   30.086633
   7.771 -0.30488175E-10  0.92952882E-21  0.00000000E+00   30.197551
   7.786 -0.27434997E-10  0.75267905E-21  0.00000000E+00   30.308673
   7.800 -0.24682273E-10  0.60921461E-21  0.00000000E+00   30.420000
   7.814 -0.22200981E-10  0.49288356E-21  0.00000000E+00   30.531531
   7.829 -0.19964846E-10  0.39859509E-21  0.00000000E+00   30.643265
   7.843 -0.17950088E-10  0.32220566E-21  0.00000000E+00   30.755204
   7.857 -0.16135188E-10  0.26034428E-21  0.00000000E+00   30.867347
   7.871 -0.14500678E-10  0.21026966E-21  0.00000000E+00   30.979694
   7.886 -0.13028951E-10  0.16975356E-21  0.00000000E+00   31.092245
   7.900 -0.11704085E-10  0.13698561E-21  0.00000000E+00   31.205000
   7.914 -0.10511686E-10  0.11049554E-21  0.00000000E+00   31.317959
   7.929 -0.94387440E-11  0.89089889E-22  0.00000000E+00   31.431122
   7.943 -0.84735025E-11  0.71800245E-22  0.00000000E+00   31.544490
   7.957 -0.76053405E-11  0.57841204E-22  0.00000000E+00   31.658061
   7.971 -0.68246648E-11  0.46576049E-22  0.00000000E+00   31.771837
   7.986 -0.61228125E-11  0.37488833E-22  0.00000000E+00   31.885816
   8.000 -0.54919629E-11  0.30161657E-22  0.00000000E+00   32.000000
   8.014 -0.49250568E-11  0.24256184E-22  0.00000000E+00   32.114388
   8.029 -0.44157240E-11  0.19498618E-22  0.00000000E+00   32.228980
   8.043 -0.39582173E-11  0.15667484E-22  0.00000000E+00   32.343776
   8.057 -0.35473530E-11  0.12583713E-22  0.00000000E+00   32.458776
   8.071 -0.31784564E-11  0.10102585E-22  0.00000000E+00   32.573980
   8.086 -0.28473130E-11  0.81071911E-23  0.00000000E+00   32.689388
   8.100 -0.25501237E-11  0.65031311E-23  0.00000000E+00   32.805000
   8.114 -0.22834654E-11  0.52142141E-23  0.00000000E+00   32.920816
   8.129 -0.20442535E-11  0.41789722E-23  0.00000000E+00   33.036837
   8.143 -0.18297098E-11  0.33478379E-23  0.00000000E+00   33.153061
   8.157 -0.16373324E-11  0.26808572E-23  0.00000000E+00   33.269490
   8.171 -0.14648686E-11  0.21458400E-23  0.00000000E+00   33.386122
   8.186 -0.13102908E-11  0.17168620E-23  0.00000000E+00   33.502959
   8.200 -0.11717742E-11  0.13730547E-23  0.00000000E+00   33.620000
   8.214 -0.10476770E-11  0.10976270E-23  0.00000000E+00   33.737245
   8.229 -0.93652227E-12  0.87707396E-24  0.00000000E+00   33.854694
   8.243 -0.83698193E-12  0.70053876E-24  0.00000000E+00   33.972347
   8.257 -0.74786177E-12  0.55929723E-24  0.00000000E+00   34.090204
   8.271 -0.66808831E-12  0.44634199E-24  0.00000000E+00   34.208265
   8.286 -0.59669682E-12  0.35604709E-24  0.00000000E+00   34.326531
   8.300 -0.53282045E-12  0.28389763E-24  0.00000000E+00   34.445000
   8.314 -0.47568054E-12  0.22627198E-24  0.00000000E+00   34.563673
   8.329 -0.42457775E-12  0.18026627E-24  0.00000000E+00   34.682551
   8.343 -0.37888416E-12  0.14355320E-24  0.00000000E+00   34.801633
   8.357 -0.33803606E-12  0.11426838E-24  0.00000000E+00   34.920918
   8.371 -0.30152756E-12  0.90918870E-25  0.00000000E+00   35.040408
   8.386 -0.26890471E-12  0.72309741E-25  0.00000000E+00   35.160102
   8.400 -0.23976026E-12  0.57484984E-25  0.00000000E+00   35.280000
   8.414 -0.21372900E-12  0.45680084E-25  0.00000000E+00   35.400102
   8.429 -0.19048340E-12  0.36283926E-25  0.00000000E+00   35.520408
   8.443 -0.16972987E-12  0.28808230E-25  0.00000000E+00   35.640918
   8.457 -0.15120526E-12  0.22863032E-25  0.00000000E+00   35.761633
   8.471 -0.13467377E-12  0.18137025E-25  0.00000000E+00   35.882551
   8.486 -0.11992415E-12  0.14381801E-25  0.00000000E+00   36.003673
   8.500 -0.10676718E-12  0.11399231E-25  0.00000000E+00   36.125000
   8.514 -0.95033438E-13  0.90313544E-26  0.00000000E+00   36.246531
   8.529 -0.84571230E-13  0.71522930E-26  0.00000000E+00   36.368265
   8.543 -0.75244786E-13  0.56617778E-26  0.00000000E+00   36.490204
   8.557 -0.66932608E-13  0.44799740E-26  0.00000000E+00   36.612347
   8.571 -0.59525995E-13  0.35433441E-26  0.00000000E+00   36.734694
   8.586 -0.52927719E-13  0.28013434E-26  0.00000000E+00   36.857245
   8.600 -0.47050831E-13  0.22137807E-26  0.00000000E+00   36.980000
   8.614 -0.41817594E-13  0.17487112E-26  0.00000000E+00   37.102959
   8.629 -0.37158521E-13  0.13807557E-26  0.00000000E+00   37.226122
   8.643 -0.33011514E-13  0.10897601E-26  0.00000000E+00   37.349490
   8.657 -0.29321092E-13  0.85972642E-27  0.00000000E+00   37.473061
   8.671 -0.26037693E-13  0.67796144E-27  0.00000000E+00   37.596837
   8.686 -0.23117057E-13  0.53439833E-27  0.00000000E+00   37.720816
   8.700 -0.20519666E-13  0.42105670E-27  0.00000000E+00   37.845000
   8.714 -0.18210243E-13  0.33161297E-27  0.00000000E+00   37.969388
   8.729 -0.16157305E-13  0.26105852E-27  0.00000000E+00   38.093980
   8.743 -0.14332761E-13  0.20542803E-27  0.00000000E+00   38.218776
   8.757 -0.12711550E-13  0.16158351E-27  0.00000000E+00   38.343776
   8.771 -0.11271324E-13  0.12704275E-27  0.00000000E+00   38.468980
   8.786 -0.99921547E-14  0.99843155E-28  0.00000000E+00   38.594388
   8.800 -0.88562759E-14  0.78433622E-28  0.00000000E+00   38.720000
   8.814 -0.78478541E-14  0.61588814E-28  0.00000000E+00   38.845816
   8.829 -0.69527804E-14  0.48341155E-28  0.00000000E+00   38.971837
   8.843 -0.61584855E-14  0.37926944E-28  0.00000000E+00   39.098061
   8.857 -0.54537745E-14  0.29743656E-28  0.00000000E+00   39.224490
   8.871 -0.48286782E-14  0.23316133E-28  0.00000000E+00   39.351122
   8.886 -0.42743218E-14  0.18269827E-28  0.00000000E+00   39.477959
   8.900 -0.37828057E-14  0.14309619E-28  0.00000000E+00   39.605000
   8.914 -0.33471003E-14  0.11203081E-28  0.00000000E+00   39.732245
   8.929 -0.29609517E-14  0.87672348E-29  0.00000000E+00   39.859694
   8.943 -0.26187969E-14  0.68580970E-29  0.00000000E+00   39.987347
   8.957 -0.23156889E-14  0.53624152E-29  0.00000000E+00   40.115204
   8.971 -0.20472296E-14  0.41911491E-29  0.00000000E+00   40.243265
   8.986 -0.18095093E-14  0.32743240E-29  0.00000000E+00   40.371531
   9.000 -0.15990537E-14  0.25569727E-29  0.00000000E+00   40.500000
   9.014 -0.14127757E-14  0.19959353E-29  0.00000000E+00   40.628673
   9.029 -0.12479333E-14  0.15573375E-29  0.00000000E+00   40.757551
   9.043 -0.11020911E-14  0.12146049E-29  0.00000000E+00   40.886633
   9.057 -0.97308692E-15  0.94689815E-30  0.00000000E+00   41.015918
   9.071 -0.85900119E-15  0.73788304E-30  0.00000000E+00   41.145408
   9.086 -0.75813040E-15  0.57476170E-30  0.00000000E+00   41.275102
   9.100 -0.66896297E-15  0.44751146E-30  0.00000000E+00   41.405000
   9.114 -0.59015798E-15  0.34828644E-30  0.00000000E+00   41.535102
   9.129 -0.52052613E-15  0.27094746E-30  0.00000000E+00   41.665408
   9.143 -0.45901285E-15  0.21069280E-30  0.00000000E+00   41.795918
   9.157 -0.40468325E-15  0.16376853E-30  0.00000000E+00   41.926633
   9.171 -0.35670868E-15  0.12724108E-30  0.00000000E+00   42.057551
   9.186 -0.31435489E-15  0.98818995E-31  0.00000000E+00   42.188673
   9.200 -0.27697135E-15  0.76713130E-31  0.00000000E+00   42.320000
   9.214 -0.24398189E-15  0.59527162E-31  0.00000000E+00   42.451531
   9.229 -0.21487626E-15  0.46171808E-31  0.00000000E+00   42.583265
   9.243 -0.18920273E-15  0.35797675E-31  0.00000000E+00   42.715204
   9.257 -0.16656145E-15  0.27742718E-31  0.00000000E+00   42.847347
   9.271 -0.14659857E-15  0.21491140E-31  0.00000000E+00   42.979694
   9.286 -0.12900100E-15  0.16641259E-31  0.00000000E+00   43.112245
   9.300 -0.11349183E-15  0.12880395E-31  0.00000000E+00   43.245000
   9.314 -0.99826125E-16  0.99652553E-32  0.00000000E+00   43.377959
   9.329 -0.87787357E-16  0.77066201E-32  0.00000000E+00   43.511122
   9.343 -0.77184102E-16  0.59573857E-32  0.00000000E+00   43.644490
   9.357 -0.67847187E-16  0.46032408E-32  0.00000000E+00   43.778061
   9.371 -0.59627132E-16  0.35553949E-32  0.00000000E+00   43.911837
   9.386 -0.52391888E-16  0.27449100E-32  0.00000000E+00   44.045816
   9.400 -0.46024830E-16  0.21182849E-32  0.00000000E+00   44.180000
   9.414 -0.40422976E-16  0.16340170E-32  0.00000000E+00   44.314388
   9.429 -0.35495413E-16  0.12599244E-32  0.00000000E+00   44.448980
   9.443 -0.31161902E-16  0.97106414E-33  0.00000000E+00   44.583776
   9.457 -0.27351635E-16  0.74811194E-33  0.00000000E+00   44.718776
   9.471 -0.24002145E-16  0.57610297E-33  0.00000000E+00   44.853980
   9.486 -0.21058334E-16  0.44345341E-33  0.00000000E+00   44.989388
   9.500 -0.18471612E-16  0.34120043E-33  0.00000000E+00   45.125000
   9.514 -0.16199141E-16  0.26241218E-33  0.00000000E+00   45.260816
   9.529 -0.14203162E-16  0.20172981E-33  0.00000000E+00   45.396837
   9.543 -0.12450397E-16  0.15501238E-33  0.00000000E+00   45.533061
   9.557 -0.10911526E-16  0.11906139E-33  0.00000000E+00   45.669490
   9.571 -0.95607206E-17  0.91407379E-34  0.00000000E+00   45.806122
   9.586 -0.83752343E-17  0.70144550E-34  0.00000000E+00   45.942959
   9.600 -0.73350371E-17  0.53802769E-34  0.00000000E+00   46.080000
   9.614 -0.64224957E-17  0.41248451E-34  0.00000000E+00   46.217245
   9.629 -0.56220894E-17  0.31607889E-34  0.00000000E+00   46.354694
   9.643 -0.49201596E-17  0.24207970E-34  0.00000000E+00   46.492347
   9.657 -0.43046885E-17  0.18530343E-34  0.00000000E+00   46.630204
   9.671 -0.37651039E-17  0.14176007E-34  0.00000000E+00   46.768265
   9.686 -0.32921061E-17  0.10837963E-34  0.00000000E+00   46.906531
   9.700 -0.28775166E-17  0.82801016E-35  0.00000000E+00   47.045000
   9.714 -0.25141427E-17  0.63209134E-35  0.00000000E+00   47.183673
   9.729 -0.21956596E-17  0.48209211E-35  0.00000000E+00   47.322551
   9.743 -0.19165056E-17  0.36729937E-35  0.00000000E+00   47.461633
   9.757 -0.16717895E-17  0.27948800E-35  0.00000000E+00   47.600918
   9.771 -0.14572092E-17  0.21234587E-35  0.00000000E+00   47.740408
   9.786 -0.12689800E-17  0.16103102E-35  0.00000000E+00   47.880102
   9.800 -0.11037706E-17  0.12183094E-35  0.00000000E+00   48.020000
   9.814 -0.95864715E-18  0.91900436E-36  0.00000000E+00   48.160102
   9.829 -0.83102385E-18  0.69060065E-36  0.00000000E+00   48.300408
   9.843 -0.71861861E-18  0.51641270E-36  0.00000000E+00   48.440918
   9.857 -0.61941432E-18  0.38367410E-36  0.00000000E+00   48.581633
   9.871 -0.53162428E-18  0.28262437E-36  0.00000000E+00   48.722551
   9.886 -0.45366138E-18  0.20580865E-36  0.00000000E+00   48.863673
   9.900 -0.38411065E-18  0.14754099E-36  0.00000000E+00   49.005000
   9.914 -0.32170462E-18  0.10349386E-36  0.00000000E+00   49.146531
   9.929 -0.26530109E-18  0.70384670E-37  0.00000000E+00   49.288265
   9.943 -0.21386302E-18  0.45737390E-37  0.00000000E+00   49.430204
   9.957 -0.16644003E-18  0.27702283E-37  0.00000000E+00   49.572347
   9.971 -0.12215142E-18  0.14920970E-37  0.00000000E+00   49.714694
   9.986 -0.80170187E-19  0.64272589E-38  0.00000000E+00   49.857245
  10.000 -0.39707872E-19  0.15767151E-38  0.00000000E+00   50.000000


