#   x         y(x)            y(x)^2      classical p(x)    V
 -10.000  0.45329861E-19  0.20547963E-38  0.00000000E+00   50.000000
  -9.983  0.91832560E-19  0.84332191E-38  0.00000000E+00   49.833472
  -9.967  0.14070345E-18  0.19797461E-37  0.00000000E+00   49.667222
  -9.950  0.19319012E-18  0.37322422E-37  0.00000000E+00   49.501250
  -9.933  0.25062370E-18  0.62812237E-37  0.00000000E+00   49.335556
  -9.917  0.31445185E-18  0.98879964E-37  0.00000000E+00   49.170139
  -9.900  0.38627423E-18  0.14920778E-36  0.00000000E+00   49.005000
  -9.883  0.46788129E-18  0.21891291E-36  0.00000000E+00   48.840139
  -9.867  0.56129726E-18  0.31505461E-36  0.00000000E+00   48.675556
  -9.850  0.66882840E-18  0.44733143E-36  0.00000000E+00   48.511250
  -9.833  0.79311760E-18  0.62903552E-36  0.00000000E+00   48.347222
  -9.817  0.93720650E-18  0.87835603E-36  0.00000000E+00   48.183472
  -9.800  0.11046066E-17  0.12201558E-35  0.00000000E+00   48.020000
  -9.783  0.12993811E-17  0.16883912E-35  0.00000000E+00   47.856806
  -9.767  0.15262385E-17  0.23294038E-35  0.00000000E+00   47.693889
  -9.750  0.17906414E-17  0.32063967E-35  0.00000000E+00   47.531250
  -9.733  0.20989319E-17  0.44055150E-35  0.00000000E+00   47.368889
  -9.717  0.24584758E-17  0.60441032E-35  0.00000000E+00   47.206806
  -9.700  0.28778305E-17  0.82819086E-35  0.00000000E+00   47.045000
  -9.683  0.33669387E-17  0.11336276E-34  0.00000000E+00   46.883472
  -9.667  0.39373519E-17  0.15502740E-34  0.00000000E+00   46.722222
  -9.650  0.46024906E-17  0.21182920E-34  0.00000000E+00   46.561250
  -9.633  0.53779436E-17  0.28922277E-34  0.00000000E+00   46.400556
  -9.617  0.62818152E-17  0.39461202E-34  0.00000000E+00   46.240139
  -9.600  0.73351267E-17  0.53804084E-34  0.00000000E+00   46.080000
  -9.583  0.85622807E-17  0.73312650E-34  0.00000000E+00   45.920139
  -9.567  0.99915972E-17  0.99832014E-34  0.00000000E+00   45.760556
  -9.550  0.11655934E-16  0.13586081E-33  0.00000000E+00   45.601250
  -9.533  0.13593405E-16  0.18478066E-33  0.00000000E+00   45.442222
  -9.517  0.15848204E-16  0.25116558E-33  0.00000000E+00   45.283472
  -9.500  0.18471566E-16  0.34119875E-33  0.00000000E+00   45.125000
  -9.483  0.21522866E-16  0.46323375E-33  0.00000000E+00   44.966806
  -9.467  0.25070896E-16  0.62854983E-33  0.00000000E+00   44.808889
  -9.450  0.29195334E-16  0.85236755E-33  0.00000000E+00   44.651250
  -9.433  0.33988440E-16  0.11552141E-32  0.00000000E+00   44.493889
  -9.417  0.39557008E-16  0.15647569E-32  0.00000000E+00   44.336806
  -9.400  0.46024624E-16  0.21182660E-32  0.00000000E+00   44.180000
  -9.383  0.53534257E-16  0.28659167E-32  0.00000000E+00   44.023472
  -9.367  0.62251258E-16  0.38752192E-32  0.00000000E+00   43.867222
  -9.350  0.72366799E-16  0.52369536E-32  0.00000000E+00   43.711250
  -9.333  0.84101842E-16  0.70731198E-32  0.00000000E+00   43.555556
  -9.317  0.97711705E-16  0.95475773E-32  0.00000000E+00   43.400139
  -9.300  0.11349132E-15  0.12880279E-31  0.00000000E+00   43.245000
  -9.283  0.13178126E-15  0.17366300E-31  0.00000000E+00   43.090139
  -9.267  0.15297470E-15  0.23401260E-31  0.00000000E+00   42.935556
  -9.250  0.17752542E-15  0.31515275E-31  0.00000000E+00   42.781250
  -9.233  0.20595694E-15  0.42418262E-31  0.00000000E+00   42.627222
  -9.217  0.23887311E-15  0.57060364E-31  0.00000000E+00   42.473472
  -9.200  0.27697019E-15  0.76712487E-31  0.00000000E+00   42.320000
  -9.183  0.32105077E-15  0.10307360E-30  0.00000000E+00   42.166806
  -9.167  0.37203971E-15  0.13841355E-30  0.00000000E+00   42.013889
  -9.150  0.43100249E-15  0.18576314E-30  0.00000000E+00   41.861250
  -9.133  0.49916615E-15  0.24916685E-30  0.00000000E+00   41.708889
  -9.117  0.57794345E-15  0.33401863E-30  0.00000000E+00   41.556806
  -9.100  0.66896038E-15  0.44750800E-30  0.00000000E+00   41.405000
  -9.083  0.77408791E-15  0.59921209E-30  0.00000000E+00   41.253472
  -9.067  0.89547811E-15  0.80188105E-30  0.00000000E+00   41.102222
  -9.050  0.10356058E-14  0.10724793E-29  0.00000000E+00   40.951250
  -9.033  0.11973158E-14  0.14335652E-29  0.00000000E+00   40.800556
  -9.017  0.13838778E-14  0.19151177E-29  0.00000000E+00   40.650139
  -9.000  0.15990480E-14  0.25569545E-29  0.00000000E+00   40.500000
  -8.983  0.18471407E-14  0.34119289E-29  0.00000000E+00   40.350139
  -8.967  0.21331096E-14  0.45501566E-29  0.00000000E+00   40.200556
  -8.950  0.24626407E-14  0.60645991E-29  0.00000000E+00   40.051250
  -8.933  0.28422586E-14  0.80784340E-29  0.00000000E+00   39.902222
  -8.917  0.32794483E-14  0.10754781E-28  0.00000000E+00   39.753472
  -8.900  0.37827933E-14  0.14309525E-28  0.00000000E+00   39.605000
  -8.883  0.43621346E-14  0.19028218E-28  0.00000000E+00   39.456806
  -8.867  0.50287506E-14  0.25288333E-28  0.00000000E+00   39.308889
  -8.850  0.57955641E-14  0.33588563E-28  0.00000000E+00   39.161250
  -8.833  0.66773769E-14  0.44587362E-28  0.00000000E+00   39.013889
  -8.817  0.76911380E-14  0.59153604E-28  0.00000000E+00   38.866806
  -8.800  0.88562494E-14  0.78433154E-28  0.00000000E+00   38.720000
  -8.783  0.10194914E-13  0.10393628E-27  0.00000000E+00   38.573472
  -8.767  0.11732533E-13  0.13765234E-27  0.00000000E+00   38.427222
  -8.750  0.13498157E-13  0.18220024E-27  0.00000000E+00   38.281250
  -8.733  0.15525000E-13  0.24102562E-27  0.00000000E+00   38.135556
  -8.717  0.17851025E-13  0.31865909E-27  0.00000000E+00   37.990139
  -8.700  0.20519610E-13  0.42105441E-27  0.00000000E+00   37.845000
  -8.683  0.23580307E-13  0.55603086E-27  0.00000000E+00   37.700139
  -8.667  0.27089697E-13  0.73385171E-27  0.00000000E+00   37.555556
  -8.650  0.31112378E-13  0.96798005E-27  0.00000000E+00   37.411250
  -8.633  0.35722067E-13  0.12760661E-26  0.00000000E+00   37.267222
  -8.617  0.41002870E-13  0.16812353E-26  0.00000000E+00   37.123472
  -8.600  0.47050714E-13  0.22137697E-26  0.00000000E+00   36.980000
  -8.583  0.53974974E-13  0.29132979E-26  0.00000000E+00   36.836806
  -8.567  0.61900323E-13  0.38316500E-26  0.00000000E+00   36.693889
  -8.550  0.70968823E-13  0.50365739E-26  0.00000000E+00   36.551250
  -8.533  0.81342309E-13  0.66165712E-26  0.00000000E+00   36.408889
  -8.517  0.93205077E-13  0.86871863E-26  0.00000000E+00   36.266806
  -8.500  0.10676694E-12  0.11399180E-25  0.00000000E+00   36.125000
  -8.483  0.12226669E-12  0.14949144E-25  0.00000000E+00   35.983472
  -8.467  0.13997602E-12  0.19593287E-25  0.00000000E+00   35.842222
  -8.450  0.16020395E-12  0.25665307E-25  0.00000000E+00   35.701250
  -8.433  0.18330187E-12  0.33599574E-25  0.00000000E+00   35.560556
  -8.417  0.20966918E-12  0.43961163E-25  0.00000000E+00   35.420139
  -8.400  0.23975977E-12  0.57484749E-25  0.00000000E+00   35.280000
  -8.383  0.27408929E-12  0.75124937E-25  0.00000000E+00   35.140139
  -8.367  0.31324330E-12  0.98121363E-25  0.00000000E+00   35.000556
  -8.350  0.35788663E-12  0.12808284E-24  0.00000000E+00   34.861250
  -8.333  0.40877385E-12  0.16709606E-24  0.00000000E+00   34.722222
  -8.317  0.46676109E-12  0.21786592E-24  0.00000000E+00   34.583472
  -8.300  0.53281947E-12  0.28389659E-24  0.00000000E+00   34.445000
  -8.283  0.60805014E-12  0.36972498E-24  0.00000000E+00   34.306806
  -8.267  0.69370137E-12  0.48122159E-24  0.00000000E+00   34.168889
  -8.250  0.79118772E-12  0.62597801E-24  0.00000000E+00   34.031250
  -8.233  0.90211172E-12  0.81380555E-24  0.00000000E+00   33.893889
  -8.217  0.10282883E-11  0.10573768E-23  0.00000000E+00   33.756806
  -8.200  0.11717722E-11  0.13730502E-23  0.00000000E+00   33.620000
  -8.183  0.13348893E-11  0.17819295E-23  0.00000000E+00   33.483472
  -8.167  0.15202710E-11  0.23112239E-23  0.00000000E+00   33.347222
  -8.150  0.17308939E-11  0.29959937E-23  0.00000000E+00   33.211250
  -8.133  0.19701239E-11  0.38813882E-23  0.00000000E+00   33.075556
  -8.117  0.22417660E-11  0.50255146E-23  0.00000000E+00   32.940139
  -8.100  0.25501199E-11  0.65031117E-23  0.00000000E+00   32.805000
  -8.083  0.29000436E-11  0.84102530E-23  0.00000000E+00   32.670139
  -8.067  0.32970233E-11  0.10870362E-22  0.00000000E+00   32.535556
  -8.050  0.37472531E-11  0.14041906E-22  0.00000000E+00   32.401250
  -8.033  0.42577244E-11  0.18128217E-22  0.00000000E+00   32.267222
  -8.017  0.48363259E-11  0.23390048E-22  0.00000000E+00   32.133472
  -8.000  0.54919556E-11  0.30161577E-22  0.00000000E+00   32.000000
  -7.983  0.62346477E-11  0.38870832E-22  0.00000000E+00   31.866806
  -7.967  0.70757131E-11  0.50065716E-22  0.00000000E+00   31.733889
  -7.950  0.80278990E-11  0.64447162E-22  0.00000000E+00   31.601250
  -7.933  0.91055657E-11  0.82911327E-22  0.00000000E+00   31.468889
  -7.917  0.10324887E-10  0.10660328E-21  0.00000000E+00   31.336806
  -7.900  0.11704071E-10  0.13698528E-21  0.00000000E+00   31.205000
  -7.883  0.13263614E-10  0.17592347E-21  0.00000000E+00   31.073472
  -7.867  0.15026577E-10  0.22579802E-21  0.00000000E+00   30.942222
  -7.850  0.17018899E-10  0.28964293E-21  0.00000000E+00   30.811250
  -7.833  0.19269749E-10  0.37132323E-21  0.00000000E+00   30.680556
  -7.817  0.21811916E-10  0.47575967E-21  0.00000000E+00   30.550139
  -7.800  0.24682247E-10  0.60921334E-21  0.00000000E+00   30.420000
  -7.783  0.27922140E-10  0.77964590E-21  0.00000000E+00   30.290139
  -7.767  0.31578084E-10  0.99717540E-21  0.00000000E+00   30.160556
  -7.750  0.35702276E-10  0.12746525E-20  0.00000000E+00   30.031250
  -7.733  0.40353300E-10  0.16283888E-20  0.00000000E+00   29.902222
  -7.717  0.45596888E-10  0.20790762E-20  0.00000000E+00   29.773472
  -7.700  0.51506770E-10  0.26529473E-20  0.00000000E+00   29.645000
  -7.683  0.58165620E-10  0.33832394E-20  0.00000000E+00   29.516806
  -7.667  0.65666114E-10  0.43120385E-20  0.00000000E+00   29.388889
  -7.650  0.74112105E-10  0.54926041E-20  0.00000000E+00   29.261250
  -7.633  0.83619935E-10  0.69922935E-20  0.00000000E+00   29.133889
  -7.617  0.94319897E-10  0.88962430E-20  0.00000000E+00   29.006806
  -7.600  0.10635786E-09  0.11311995E-19  0.00000000E+00   28.880000
  -7.583  0.11989709E-09  0.14375312E-19  0.00000000E+00   28.753472
  -7.567  0.13512024E-09  0.18257479E-19  0.00000000E+00   28.627222
  -7.550  0.15223162E-09  0.23174465E-19  0.00000000E+00   28.501250
  -7.533  0.17145967E-09  0.29398419E-19  0.00000000E+00   28.375556
  -7.517  0.19305975E-09  0.37272068E-19  0.00000000E+00   28.250139
  -7.500  0.21731720E-09  0.47226765E-19  0.00000000E+00   28.125000
  -7.483  0.24455077E-09  0.59805077E-19  0.00000000E+00   28.000139
  -7.467  0.27511641E-09  0.75689037E-19  0.00000000E+00   27.875556
  -7.450  0.30941151E-09  0.95735480E-19  0.00000000E+00   27.751250
  -7.433  0.34787955E-09  0.12102018E-18  0.00000000E+00   27.627222
  -7.417  0.39101533E-09  0.15289299E-18  0.00000000E+00   27.503472
  -7.400  0.43937068E-09  0.19304660E-18  0.00000000E+00   27.380000
  -7.383  0.49356089E-09  0.24360235E-18  0.00000000E+00   27.256806
  -7.367  0.55427175E-09  0.30721717E-18  0.00000000E+00   27.133889
  -7.350  0.62226741E-09  0.38721672E-18  0.00000000E+00   27.011250
  -7.333  0.69839905E-09  0.48776123E-18  0.00000000E+00   26.888889
  -7.317  0.78361450E-09  0.61405168E-18  0.00000000E+00   26.766806
  -7.300  0.87896886E-09  0.77258626E-18  0.00000000E+00   26.645000
  -7.283  0.98563630E-09  0.97147891E-18  0.00000000E+00   26.523472
  -7.267  0.11049230E-08  0.12208549E-17  0.00000000E+00   26.402222
  -7.250  0.12382817E-08  0.15333416E-17  0.00000000E+00   26.281250
  -7.233  0.13873274E-08  0.19246772E-17  0.00000000E+00   26.160556
  -7.217  0.15538550E-08  0.24144653E-17  0.00000000E+00   26.040139
  -7.200  0.17398588E-08  0.30271086E-17  0.00000000E+00   25.920000
  -7.183  0.19475539E-08  0.37929661E-17  0.00000000E+00   25.800139
  -7.167  0.21793996E-08  0.47497828E-17  0.00000000E+00   25.680556
  -7.150  0.24381261E-08  0.59444587E-17  0.00000000E+00   25.561250
  -7.133  0.27267623E-08  0.74352327E-17  0.00000000E+00   25.442222
  -7.117  0.30486686E-08  0.92943803E-17  0.00000000E+00   25.323472
  -7.100  0.34075711E-08  0.11611541E-16  0.00000000E+00   25.205000
  -7.083  0.38076005E-08  0.14497821E-16  0.00000000E+00   25.086806
  -7.067  0.42533342E-08  0.18090852E-16  0.00000000E+00   24.968889
  -7.050  0.47498435E-08  0.22561013E-16  0.00000000E+00   24.851250
  -7.033  0.53027447E-08  0.28119101E-16  0.00000000E+00   24.733889
  -7.017  0.59182555E-08  0.35025748E-16  0.00000000E+00   24.616806
  -7.000  0.66032576E-08  0.43603011E-16  0.00000000E+00   24.500000
  -6.983  0.73653650E-08  0.54248601E-16  0.00000000E+00   24.383472
  -6.967  0.82129989E-08  0.67453351E-16  0.00000000E+00   24.267222
  -6.950  0.91554707E-08  0.83822643E-16  0.00000000E+00   24.151250
  -6.933  0.10203072E-07  0.10410269E-15  0.00000000E+00   24.035556
  -6.917  0.11367176E-07  0.12921270E-15  0.00000000E+00   23.920139
  -6.900  0.12660345E-07  0.16028432E-15  0.00000000E+00   23.805000
  -6.883  0.14096448E-07  0.19870986E-15  0.00000000E+00   23.690139
  -6.867  0.15690801E-07  0.24620122E-15  0.00000000E+00   23.575556
  -6.850  0.17460299E-07  0.30486203E-15  0.00000000E+00   23.461250
  -6.833  0.19423584E-07  0.37727562E-15  0.00000000E+00   23.347222
  -6.817  0.21601214E-07  0.46661243E-15  0.00000000E+00   23.233472
  -6.800  0.24015851E-07  0.57676109E-15  0.00000000E+00   23.120000
  -6.783  0.26692472E-07  0.71248808E-15  0.00000000E+00   23.006806
  -6.767  0.29658595E-07  0.87963229E-15  0.00000000E+00   22.893889
  -6.750  0.32944527E-07  0.10853418E-14  0.00000000E+00   22.781250
  -6.733  0.36583633E-07  0.13383622E-14  0.00000000E+00   22.668889
  -6.717  0.40612639E-07  0.16493864E-14  0.00000000E+00   22.556806
  -6.700  0.45071951E-07  0.20314808E-14  0.00000000E+00   22.445000
  -6.683  0.50006015E-07  0.25006015E-14  0.00000000E+00   22.333472
  -6.667  0.55463696E-07  0.30762216E-14  0.00000000E+00   22.222222
  -6.650  0.61498711E-07  0.37820915E-14  0.00000000E+00   22.111250
  -6.633  0.68170081E-07  0.46471600E-14  0.00000000E+00   22.000556
  -6.617  0.75542638E-07  0.57066902E-14  0.00000000E+00   21.890139
  -6.600  0.83687575E-07  0.70036102E-14  0.00000000E+00   21.780000
  -6.583  0.92683039E-07  0.85901457E-14  0.00000000E+00   21.670139
  -6.567  0.10261479E-06  0.10529794E-13  0.00000000E+00   21.560556
  -6.550  0.11357689E-06  0.12899710E-13  0.00000000E+00   21.451250
  -6.533  0.12567252E-06  0.15793581E-13  0.00000000E+00   21.342222
  -6.517  0.13901475E-06  0.19325101E-13  0.00000000E+00   21.233472
  -6.500  0.15372754E-06  0.23632156E-13  0.00000000E+00   21.125000
  -6.483  0.16994665E-06  0.28881864E-13  0.00000000E+00   21.016806
  -6.467  0.18782078E-06  0.35276645E-13  0.00000000E+00   20.908889
  -6.450  0.20751272E-06  0.43061529E-13  0.00000000E+00   20.801250
  -6.433  0.22920063E-06  0.52532927E-13  0.00000000E+00   20.693889
  -6.417  0.25307941E-06  0.64049190E-13  0.00000000E+00   20.586806
  -6.400  0.27936226E-06  0.78043272E-13  0.00000000E+00   20.480000
  -6.383  0.30828222E-06  0.95037930E-13  0.00000000E+00   20.373472
  -6.367  0.34009404E-06  0.11566395E-12  0.00000000E+00   20.267222
  -6.350  0.37507601E-06  0.14068201E-12  0.00000000E+00   20.161250
  -6.333  0.41353210E-06  0.17100880E-12  0.00000000E+00   20.055556
  -6.317  0.45579419E-06  0.20774835E-12  0.00000000E+00   19.950139
  -6.300  0.50222452E-06  0.25222947E-12  0.00000000E+00   19.845000
  -6.283  0.55321831E-06  0.30605050E-12  0.00000000E+00   19.740139
  -6.267  0.60920665E-06  0.37113274E-12  0.00000000E+00   19.635556
  -6.250  0.67065956E-06  0.44978425E-12  0.00000000E+00   19.531250
  -6.233  0.73808935E-06  0.54477589E-12  0.00000000E+00   19.427222
  -6.217  0.81205425E-06  0.65943210E-12  0.00000000E+00   19.323472
  -6.200  0.89316226E-06  0.79773882E-12  0.00000000E+00   19.220000
  -6.183  0.98207544E-06  0.96447217E-12  0.00000000E+00   19.116806
  -6.167  0.10795144E-05  0.11653513E-11  0.00000000E+00   19.013889
  -6.150  0.11862632E-05  0.14072204E-11  0.00000000E+00   18.911250
  -6.133  0.13031748E-05  0.16982646E-11  0.00000000E+00   18.808889
  -6.117  0.14311765E-05  0.20482663E-11  0.00000000E+00   18.706806
  -6.100  0.15712764E-05  0.24689097E-11  0.00000000E+00   18.605000
  -6.083  0.17245698E-05  0.29741411E-11  0.00000000E+00   18.503472
  -6.067  0.18922465E-05  0.35805968E-11  0.00000000E+00   18.402222
  -6.050  0.20755983E-05  0.43081081E-11  0.00000000E+00   18.301250
  -6.033  0.22760274E-05  0.51803009E-11  0.00000000E+00   18.200556
  -6.017  0.24950556E-05  0.62253025E-11  0.00000000E+00   18.100139
  -6.000  0.27343332E-05  0.74765783E-11  0.00000000E+00   18.000000
  -5.983  0.29956500E-05  0.89739187E-11  0.00000000E+00   17.900139
  -5.967  0.32809456E-05  0.10764604E-10  0.00000000E+00   17.800556
  -5.950  0.35923221E-05  0.12904778E-10  0.00000000E+00   17.701250
  -5.933  0.39320563E-05  0.15461067E-10  0.00000000E+00   17.602222
  -5.917  0.43026133E-05  0.18512481E-10  0.00000000E+00   17.503472
  -5.900  0.47066616E-05  0.22152664E-10  0.00000000E+00   17.405000
  -5.883  0.51470886E-05  0.26492521E-10  0.00000000E+00   17.306806
  -5.867  0.56270171E-05  0.31663321E-10  0.00000000E+00   17.208889
  -5.850  0.61498240E-05  0.37820335E-10  0.00000000E+00   17.111250
  -5.833  0.67191592E-05  0.45147100E-10  0.00000000E+00   17.013889
  -5.817  0.73389662E-05  0.53860425E-10  0.00000000E+00   16.916806
  -5.800  0.80135046E-05  0.64216255E-10  0.00000000E+00   16.820000
  -5.783  0.87473732E-05  0.76516538E-10  0.00000000E+00   16.723472
  -5.767  0.95455360E-05  0.91117257E-10  0.00000000E+00   16.627222
  -5.750  0.10413348E-04  0.10843783E-09  0.00000000E+00   16.531250
  -5.733  0.11356587E-04  0.12897206E-09  0.00000000E+00   16.435556
  -5.717  0.12381479E-04  0.15330102E-09  0.00000000E+00   16.340139
  -5.700  0.13494736E-04  0.18210790E-09  0.00000000E+00   16.245000
  -5.683  0.14703590E-04  0.21619556E-09  0.00000000E+00   16.150139
  -5.667  0.16015828E-04  0.25650676E-09  0.00000000E+00   16.055556
  -5.650  0.17439835E-04  0.30414785E-09  0.00000000E+00   15.961250
  -5.633  0.18984634E-04  0.36041631E-09  0.00000000E+00   15.867222
  -5.617  0.20659930E-04  0.42683272E-09  0.00000000E+00   15.773472
  -5.600  0.22476164E-04  0.50517794E-09  0.00000000E+00   15.680000
  -5.583  0.24444556E-04  0.59753631E-09  0.00000000E+00   15.586806
  -5.567  0.26577165E-04  0.70634570E-09  0.00000000E+00   15.493889
  -5.550  0.28886945E-04  0.83445557E-09  0.00000000E+00   15.401250
  -5.533  0.31387804E-04  0.98519425E-09  0.00000000E+00   15.308889
  -5.517  0.34094674E-04  0.11624468E-08  0.00000000E+00   15.216806
  -5.500  0.37023574E-04  0.13707451E-08  0.00000000E+00   15.125000
  -5.483  0.40191689E-04  0.16153718E-08  0.00000000E+00   15.033472
  -5.467  0.43617441E-04  0.19024812E-08  0.00000000E+00   14.942222
  -5.450  0.47320577E-04  0.22392371E-08  0.00000000E+00   14.851250
  -5.433  0.51322255E-04  0.26339738E-08  0.00000000E+00   14.760556
  -5.417  0.55645130E-04  0.30963805E-08  0.00000000E+00   14.670139
  -5.400  0.60313460E-04  0.36377135E-08  0.00000000E+00   14.580000
  -5.383  0.65353204E-04  0.42710413E-08  0.00000000E+00   14.490139
  -5.367  0.70792131E-04  0.50115258E-08  0.00000000E+00   14.400556
  -5.350  0.76659936E-04  0.58767458E-08  0.00000000E+00   14.311250
  -5.333  0.82988361E-04  0.68870681E-08  0.00000000E+00   14.222222
  -5.317  0.89811323E-04  0.80660738E-08  0.00000000E+00   14.133472
  -5.300  0.97165048E-04  0.94410466E-08  0.00000000E+00   14.045000
  -5.283  0.10508822E-03  0.11043533E-07  0.00000000E+00   13.956806
  -5.267  0.11362211E-03  0.12909983E-07  0.00000000E+00   13.868889
  -5.250  0.12281076E-03  0.15082482E-07  0.00000000E+00   13.781250
  -5.233  0.13270114E-03  0.17609593E-07  0.00000000E+00   13.693889
  -5.217  0.14334332E-03  0.20547307E-07  0.00000000E+00   13.606806
  -5.200  0.15479065E-03  0.23960144E-07  0.00000000E+00   13.520000
  -5.183  0.16709995E-03  0.27922392E-07  0.00000000E+00   13.433472
  -5.167  0.18033173E-03  0.32519532E-07  0.00000000E+00   13.347222
  -5.150  0.19455039E-03  0.37849853E-07  0.00000000E+00   13.261250
  -5.133  0.20982444E-03  0.44026296E-07  0.00000000E+00   13.175556
  -5.117  0.22622675E-03  0.51178542E-07  0.00000000E+00   13.090139
  -5.100  0.24383476E-03  0.59455392E-07  0.00000000E+00   13.005000
  -5.083  0.26273079E-03  0.69027467E-07  0.00000000E+00   12.920139
  -5.067  0.28300224E-03  0.80090268E-07  0.00000000E+00   12.835556
  -5.050  0.30474193E-03  0.92867647E-07  0.00000000E+00   12.751250
  -5.033  0.32804838E-03  0.10761574E-06  0.00000000E+00   12.667222
  -5.017  0.35302606E-03  0.12462740E-06  0.00000000E+00   12.583472
  -5.000  0.37978580E-03  0.14423725E-06  0.00000000E+00   12.500000
  -4.983  0.40844505E-03  0.16682736E-06  0.00000000E+00   12.416806
  -4.967  0.43912826E-03  0.19283363E-06  0.00000000E+00   12.333889
  -4.950  0.47196723E-03  0.22275307E-06  0.00000000E+00   12.251250
  -4.933  0.50710149E-03  0.25715192E-06  0.00000000E+00   12.168889
  -4.917  0.54467869E-03  0.29667488E-06  0.00000000E+00   12.086806
  -4.900  0.58485499E-03  0.34205536E-06  0.00000000E+00   12.005000
  -4.883  0.62779552E-03  0.39412721E-06  0.00000000E+00   11.923472
  -4.867  0.67367476E-03  0.45383768E-06  0.00000000E+00   11.842222
  -4.850  0.72267705E-03  0.52226213E-06  0.00000000E+00   11.761250
  -4.833  0.77499703E-03  0.60062040E-06  0.00000000E+00   11.680556
  -4.817  0.83084012E-03  0.69029531E-06  0.00000000E+00   11.600139
  -4.800  0.89042304E-03  0.79285319E-06  0.00000000E+00   11.520000
  -4.783  0.95397432E-03  0.91006700E-06  0.00000000E+00   11.440139
  -4.767  0.10217348E-02  0.10439421E-05  0.00000000E+00   11.360556
  -4.750  0.10939584E-02  0.11967449E-05  0.00000000E+00   11.281250
  -4.733  0.11709121E-02  0.13710353E-05  0.00000000E+00   11.202222
  -4.717  0.12528775E-02  0.15697020E-05  0.00000000E+00   11.123472
  -4.700  0.13401504E-02  0.17960031E-05  0.00000000E+00   11.045000
  -4.683  0.14330421E-02  0.20536096E-05  0.00000000E+00   10.966806
  -4.667  0.15318797E-02  0.23466555E-05  0.00000000E+00   10.888889
  -4.650  0.16370071E-02  0.26797922E-05  0.00000000E+00   10.811250
  -4.633  0.17487851E-02  0.30582495E-05  0.00000000E+00   10.733889
  -4.617  0.18675928E-02  0.34879029E-05  0.00000000E+00   10.656806
  -4.600  0.19938277E-02  0.39753487E-05  0.00000000E+00   10.580000
  -4.583  0.21279066E-02  0.45279863E-05  0.00000000E+00   10.503472
  -4.567  0.22702665E-02  0.51541099E-05  0.00000000E+00   10.427222
  -4.550  0.24213652E-02  0.58630096E-05  0.00000000E+00   10.351250
  -4.533  0.25816822E-02  0.66650829E-05  0.00000000E+00   10.275556
  -4.517  0.27517190E-02  0.75719575E-05  0.00000000E+00   10.200139
  -4.500  0.29320005E-02  0.85966272E-05  0.00000000E+00   10.125000
  -4.483  0.31230755E-02  0.97536008E-05  0.00000000E+00   10.050139
  -4.467  0.33255174E-02  0.11059066E-04  0.00000000E+00    9.975556
  -4.450  0.35399251E-02  0.12531070E-04  0.00000000E+00    9.901250
  -4.433  0.37669240E-02  0.14189716E-04  0.00000000E+00    9.827222
  -4.417  0.40071664E-02  0.16057382E-04  0.00000000E+00    9.753472
  -4.400  0.42613326E-02  0.18158956E-04  0.00000000E+00    9.680000
  -4.383  0.45301320E-02  0.20522096E-04  0.00000000E+00    9.606806
  -4.367  0.48143031E-02  0.23177514E-04  0.00000000E+00    9.533889
  -4.350  0.51146151E-02  0.26159287E-04  0.00000000E+00    9.461250
  -4.333  0.54318684E-02  0.29505194E-04  0.00000000E+00    9.388889
  -4.317  0.57668953E-02  0.33257082E-04  0.00000000E+00    9.316806
  -4.300  0.61205611E-02  0.37461269E-04  0.00000000E+00    9.245000
  -4.283  0.64937646E-02  0.42168979E-04  0.00000000E+00    9.173472
  -4.267  0.68874389E-02  0.47436814E-04  0.00000000E+00    9.102222
  -4.250  0.73025523E-02  0.53327269E-04  0.00000000E+00    9.031250
  -4.233  0.77401088E-02  0.59909284E-04  0.00000000E+00    8.960556
  -4.217  0.82011491E-02  0.67258847E-04  0.00000000E+00    8.890139
  -4.200  0.86867512E-02  0.75459646E-04  0.00000000E+00    8.820000
  -4.183  0.91980306E-02  0.84603767E-04  0.00000000E+00    8.750139
  -4.167  0.97361416E-02  0.94792452E-04  0.00000000E+00    8.680556
  -4.150  0.10302277E-01  0.10613692E-03  0.00000000E+00    8.611250
  -4.133  0.10897671E-01  0.11875922E-03  0.00000000E+00    8.542222
  -4.117  0.11523594E-01  0.13279322E-03  0.00000000E+00    8.473472
  -4.100  0.12181361E-01  0.14838556E-03  0.00000000E+00    8.405000
  -4.083  0.12872326E-01  0.16569677E-03  0.00000000E+00    8.336806
  -4.067  0.13597883E-01  0.18490243E-03  0.00000000E+00    8.268889
  -4.050  0.14359470E-01  0.20619439E-03  0.00000000E+00    8.201250
  -4.033  0.15158565E-01  0.22978210E-03  0.00000000E+00    8.133889
  -4.017  0.15996687E-01  0.25589400E-03  0.00000000E+00    8.066806
  -4.000  0.16875398E-01  0.28477906E-03  0.00000000E+00    8.000000
  -3.983  0.17796301E-01  0.31670833E-03  0.00000000E+00    7.933472
  -3.967  0.18761040E-01  0.35197664E-03  0.00000000E+00    7.867222
  -3.950  0.19771302E-01  0.39090438E-03  0.00000000E+00    7.801250
  -3.933  0.20828812E-01  0.43383941E-03  0.00000000E+00    7.735556
  -3.917  0.21935337E-01  0.48115902E-03  0.00000000E+00    7.670139
  -3.900  0.23092684E-01  0.53327207E-03  0.00000000E+00    7.605000
  -3.883  0.24302699E-01  0.59062116E-03  0.00000000E+00    7.540139
  -3.867  0.25567264E-01  0.65368500E-03  0.00000000E+00    7.475556
  -3.850  0.26888302E-01  0.72298076E-03  0.00000000E+00    7.411250
  -3.833  0.28267768E-01  0.79906670E-03  0.00000000E+00    7.347222
  -3.817  0.29707655E-01  0.88254477E-03  0.00000000E+00    7.283472
  -3.800  0.31209988E-01  0.97406336E-03  0.00000000E+00    7.220000
  -3.783  0.32776825E-01  0.10743202E-02  0.00000000E+00    7.156806
  -3.767  0.34410251E-01  0.11840654E-02  0.00000000E+00    7.093889
  -3.750  0.36112384E-01  0.13041043E-02  0.00000000E+00    7.031250
  -3.733  0.37885364E-01  0.14353008E-02  0.00000000E+00    6.968889
  -3.717  0.39731357E-01  0.15785807E-02  0.00000000E+00    6.906806
  -3.700  0.41652550E-01  0.17349349E-02  0.00000000E+00    6.845000
  -3.683  0.43651148E-01  0.19054227E-02  0.00000000E+00    6.783472
  -3.667  0.45729374E-01  0.20911757E-02  0.00000000E+00    6.722222
  -3.650  0.47889462E-01  0.22934006E-02  0.00000000E+00    6.661250
  -3.633  0.50133657E-01  0.25133835E-02  0.00000000E+00    6.600556
  -3.617  0.52464208E-01  0.27524931E-02  0.00000000E+00    6.540139
  -3.600  0.54883369E-01  0.30121842E-02  0.00000000E+00    6.480000
  -3.583  0.57393393E-01  0.32940016E-02  0.00000000E+00    6.420139
  -3.567  0.59996525E-01  0.35995830E-02  0.00000000E+00    6.360556
  -3.550  0.62695002E-01  0.39306633E-02  0.00000000E+00    6.301250
  -3.533  0.65491047E-01  0.42890772E-02  0.00000000E+00    6.242222
  -3.517  0.68386862E-01  0.46767629E-02  0.00000000E+00    6.183472
  -3.500  0.71384627E-01  0.50957650E-02  0.00000000E+00    6.125000
  -3.483  0.74486492E-01  0.55482375E-02  0.00000000E+00    6.066806
  -3.467  0.77694572E-01  0.60364465E-02  0.00000000E+00    6.008889
  -3.450  0.81010940E-01  0.65627725E-02  0.00000000E+00    5.951250
  -3.433  0.84437626E-01  0.71297126E-02  0.00000000E+00    5.893889
  -3.417  0.87976603E-01  0.77398827E-02  0.00000000E+00    5.836806
  -3.400  0.91629788E-01  0.83960181E-02  0.00000000E+00    5.780000
  -3.383  0.95399032E-01  0.91009752E-02  0.00000000E+00    5.723472
  -3.367  0.99286111E-01  0.98577319E-02  0.00000000E+00    5.667222
  -3.350  0.10329273E+00  0.10669387E-01  0.00000000E+00    5.611250
  -3.333  0.10742049E+00  0.11539161E-01  0.00000000E+00    5.555556
  -3.317  0.11167091E+00  0.12470392E-01  0.00000000E+00    5.500139
  -3.300  0.11604541E+00  0.13466537E-01  0.00000000E+00    5.445000
  -3.283  0.12054530E+00  0.14531168E-01  0.00000000E+00    5.390139
  -3.267  0.12517175E+00  0.15667967E-01  0.00000000E+00    5.335556
  -3.250  0.12992584E+00  0.16880724E-01  0.00000000E+00    5.281250
  -3.233  0.13480849E+00  0.18173329E-01  0.00000000E+00    5.227222
  -3.217  0.13982049E+00  0.19549769E-01  0.00000000E+00    5.173472
  -3.200  0.14496246E+00  0.21014115E-01  0.00000000E+00    5.120000
  -3.183  0.15023489E+00  0.22570521E-01  0.00000000E+00    5.066806
  -3.167  0.15563807E+00  0.24223209E-01  0.00000000E+00    5.013889
  -3.150  0.16117214E+00  0.25976458E-01  0.00000000E+00    4.961250
  -3.133  0.16683703E+00  0.27834594E-01  0.00000000E+00    4.908889
  -3.117  0.17263249E+00  0.29801976E-01  0.00000000E+00    4.856806
  -3.100  0.17855806E+00  0.31882980E-01  0.00000000E+00    4.805000
  -3.083  0.18461306E+00  0.34081983E-01  0.00000000E+00    4.753472
  -3.067  0.19079661E+00  0.36403346E-01  0.00000000E+00    4.702222
  -3.050  0.19710757E+00  0.38851393E-01  0.00000000E+00    4.651250
  -3.033  0.20354457E+00  0.41430393E-01  0.00000000E+00    4.600556
  -3.017  0.21010601E+00  0.44144534E-01  0.00000000E+00    4.550139
  -3.000  0.21679000E+00  0.46997903E-01  0.00000000E+00    4.500000
  -2.983  0.22359440E+00  0.49994457E-01  0.00000000E+00    4.450139
  -2.967  0.23051681E+00  0.53138001E-01  0.00000000E+00    4.400556
  -2.950  0.23755453E+00  0.56432153E-01  0.00000000E+00    4.351250
  -2.933  0.24470456E+00  0.59880321E-01  0.00000000E+00    4.302222
  -2.917  0.25196362E+00  0.63485668E-01  0.00000000E+00    4.253472
  -2.900  0.25932814E+00  0.67251082E-01  0.00000000E+00    4.205000
  -2.883  0.26679419E+00  0.71179141E-01  0.00000000E+00    4.156806
  -2.867  0.27435757E+00  0.75272077E-01  0.00000000E+00    4.108889
  -2.850  0.28201373E+00  0.79531744E-01  0.00000000E+00    4.061250
  -2.833  0.28975779E+00  0.83959580E-01  0.00000000E+00    4.013889
  -2.817  0.29758456E+00  0.88556568E-01  0.00000000E+00    3.966806
  -2.800  0.30548846E+00  0.93323200E-01  0.00000000E+00    3.920000
  -2.783  0.31346362E+00  0.98259441E-01  0.00000000E+00    3.873472
  -2.767  0.32150379E+00  0.10336468E+00  0.00000000E+00    3.827222
  -2.750  0.32960237E+00  0.10863772E+00  0.00000000E+00    3.781250
  -2.733  0.33775243E+00  0.11407670E+00  0.00000000E+00    3.735556
  -2.717  0.34594665E+00  0.11967909E+00  0.00000000E+00    3.690139
  -2.700  0.35417739E+00  0.12544162E+00  0.00000000E+00    3.645000
  -2.683  0.36243663E+00  0.13136031E+00  0.00000000E+00    3.600139
  -2.667  0.37071600E+00  0.13743036E+00  0.00000000E+00    3.555556
  -2.650  0.37900679E+00  0.14364615E+00  0.00000000E+00    3.511250
  -2.633  0.38729992E+00  0.15000123E+00  0.12934633E+01    3.467222
  -2.617  0.39558596E+00  0.15648825E+00  0.84651419E+00    3.423472
  -2.600  0.40385516E+00  0.16309899E+00  0.67601005E+00    3.380000
  -2.583  0.41209741E+00  0.16982427E+00  0.57968369E+00    3.336806
  -2.567  0.42030226E+00  0.17665399E+00  0.51581392E+00    3.293889
  -2.550  0.42845897E+00  0.18357709E+00  0.46952877E+00    3.251250
  -2.533  0.43655643E+00  0.19058152E+00  0.43402462E+00    3.208889
  -2.517  0.44458327E+00  0.19765429E+00  0.40569054E+00    3.166806
  -2.500  0.45252779E+00  0.20478140E+00  0.38240901E+00    3.125000
  -2.483  0.46037801E+00  0.21194791E+00  0.36284552E+00    3.083472
  -2.467  0.46812167E+00  0.21913790E+00  0.34611179E+00    3.042222
  -2.450  0.47574626E+00  0.22633451E+00  0.33159066E+00    3.001250
  -2.433  0.48323901E+00  0.23351994E+00  0.31883823E+00    2.960556
  -2.417  0.49058692E+00  0.24067553E+00  0.30752594E+00    2.920139
  -2.400  0.49777677E+00  0.24778171E+00  0.29740475E+00    2.880000
  -2.383  0.50479515E+00  0.25481815E+00  0.28828197E+00    2.840139
  -2.367  0.51162847E+00  0.26176369E+00  0.28000587E+00    2.800556
  -2.350  0.51826296E+00  0.26859650E+00  0.27245514E+00    2.761250
  -2.333  0.52468474E+00  0.27529408E+00  0.26553146E+00    2.722222
  -2.317  0.53087980E+00  0.28183336E+00  0.25915421E+00    2.683472
  -2.300  0.53683403E+00  0.28819077E+00  0.25325655E+00    2.645000
  -2.283  0.54253326E+00  0.29434234E+00  0.24778256E+00    2.606806
  -2.267  0.54796327E+00  0.30026375E+00  0.24268503E+00    2.568889
  -2.250  0.55310983E+00  0.30593049E+00  0.23792380E+00    2.531250
  -2.233  0.55795872E+00  0.31131793E+00  0.23346446E+00    2.493889
  -2.217  0.56249574E+00  0.31640145E+00  0.22927733E+00    2.456806
  -2.200  0.56670677E+00  0.32115656E+00  0.22533667E+00    2.420000
  -2.183  0.57057778E+00  0.32555901E+00  0.22162001E+00    2.383472
  -2.167  0.57409489E+00  0.32958494E+00  0.21810767E+00    2.347222
  -2.150  0.57724434E+00  0.33321103E+00  0.21478230E+00    2.311250
  -2.133  0.58001259E+00  0.33641460E+00  0.21162852E+00    2.275556
  -2.117  0.58238631E+00  0.33917381E+00  0.20863271E+00    2.240139
  -2.100  0.58435242E+00  0.34146775E+00  0.20578270E+00    2.205000
  -2.083  0.58589816E+00  0.34327665E+00  0.20306758E+00    2.170139
  -2.067  0.58701105E+00  0.34458198E+00  0.20047758E+00    2.135556
  -2.050  0.58767901E+00  0.34536662E+00  0.19800388E+00    2.101250
  -2.033  0.58789033E+00  0.34561504E+00  0.19563850E+00    2.067222
  -2.017  0.58763374E+00  0.34531341E+00  0.19337423E+00    2.033472
  -2.000  0.58689842E+00  0.34444975E+00  0.19120450E+00    2.000000
  -1.983  0.58567406E+00  0.34301411E+00  0.18912334E+00    1.966806
  -1.967  0.58395089E+00  0.34099864E+00  0.18712528E+00    1.933889
  -1.950  0.58171969E+00  0.33839780E+00  0.18520532E+00    1.901250
  -1.933  0.57897187E+00  0.33520843E+00  0.18335889E+00    1.868889
  -1.917  0.57569946E+00  0.33142986E+00  0.18158176E+00    1.836806
  -1.900  0.57189516E+00  0.32706407E+00  0.17987007E+00    1.805000
  -1.883  0.56755238E+00  0.32211571E+00  0.17822021E+00    1.773472
  -1.867  0.56266529E+00  0.31659222E+00  0.17662890E+00    1.742222
  -1.850  0.55722879E+00  0.31050392E+00  0.17509305E+00    1.711250
  -1.833  0.55123862E+00  0.30386401E+00  0.17360984E+00    1.680556
  -1.817  0.54469132E+00  0.29668864E+00  0.17217662E+00    1.650139
  -1.800  0.53758432E+00  0.28899690E+00  0.17079094E+00    1.620000
  -1.783  0.52991592E+00  0.28081089E+00  0.16945050E+00    1.590139
  -1.767  0.52168534E+00  0.27215560E+00  0.16815317E+00    1.560556
  -1.750  0.51289274E+00  0.26305896E+00  0.16689697E+00    1.531250
  -1.733  0.50353925E+00  0.25355177E+00  0.16568003E+00    1.502222
  -1.717  0.49362697E+00  0.24366759E+00  0.16450059E+00    1.473472
  -1.700  0.48315903E+00  0.23344265E+00  0.16335703E+00    1.445000
  -1.683  0.47213957E+00  0.22291577E+00  0.16224781E+00    1.416806
  -1.667  0.46057378E+00  0.21212820E+00  0.16117148E+00    1.388889
  -1.650  0.44846789E+00  0.20112345E+00  0.16012669E+00    1.361250
  -1.633  0.43582923E+00  0.18994712E+00  0.15911216E+00    1.333889
  -1.617  0.42266619E+00  0.17864671E+00  0.15812669E+00    1.306806
  -1.600  0.40898824E+00  0.16727138E+00  0.15716913E+00    1.280000
  -1.583  0.39480596E+00  0.15587175E+00  0.15623842E+00    1.253472
  -1.567  0.38013103E+00  0.14449960E+00  0.15533355E+00    1.227222
  -1.550  0.36497622E+00  0.13320764E+00  0.15445354E+00    1.201250
  -1.533  0.34935540E+00  0.12204919E+00  0.15359750E+00    1.175556
  -1.517  0.33328352E+00  0.11107790E+00  0.15276457E+00    1.150139
  -1.500  0.31677664E+00  0.10034744E+00  0.15195393E+00    1.125000
  -1.483  0.29985187E+00  0.89911146E-01  0.15116480E+00    1.100139
  -1.467  0.28252742E+00  0.79821742E-01  0.15039646E+00    1.075556
  -1.450  0.26482251E+00  0.70130961E-01  0.14964821E+00    1.051250
  -1.433  0.24675741E+00  0.60889222E-01  0.14891937E+00    1.027222
  -1.417  0.22835342E+00  0.52145283E-01  0.14820933E+00    1.003472
  -1.400  0.20963278E+00  0.43945903E-01  0.14751748E+00    0.980000
  -1.383  0.19061874E+00  0.36335503E-01  0.14684324E+00    0.956806
  -1.367  0.17133545E+00  0.29355835E-01  0.14618608E+00    0.933889
  -1.350  0.15180797E+00  0.23045659E-01  0.14554547E+00    0.911250
  -1.333  0.13206223E+00  0.17440433E-01  0.14492091E+00    0.888889
  -1.317  0.11212499E+00  0.12572013E-01  0.14431194E+00    0.866806
  -1.300  0.92023778E-01  0.84683758E-02  0.14371810E+00    0.845000
  -1.283  0.71786893E-01  0.51533581E-02  0.14313896E+00    0.823472
  -1.267  0.51443319E-01  0.26464150E-02  0.14257411E+00    0.802222
  -1.250  0.31022693E-01  0.96240746E-03  0.14202314E+00    0.781250
  -1.233  0.10555255E-01  0.11141341E-03  0.14148568E+00    0.760556
  -1.217 -0.99282054E-02  0.98569262E-04  0.14096138E+00    0.740139
  -1.200 -0.30396407E-01  0.92394156E-03  0.14044987E+00    0.720000
  -1.183 -0.50817632E-01  0.25824317E-02  0.13995084E+00    0.700139
  -1.167 -0.71159784E-01  0.50637149E-02  0.13946395E+00    0.680556
  -1.150 -0.91390454E-01  0.83522151E-02  0.13898892E+00    0.661250
  -1.133 -0.11147698E+00  0.12427117E-01  0.13852543E+00    0.642222
  -1.117 -0.13138651E+00  0.17262414E-01  0.13807322E+00    0.623472
  -1.100 -0.15108606E+00  0.22826998E-01  0.13763201E+00    0.605000
  -1.083 -0.17054262E+00  0.29084787E-01  0.13720155E+00    0.586806
  -1.067 -0.18972318E+00  0.35994885E-01  0.13678158E+00    0.568889
  -1.050 -0.20859480E+00  0.43511793E-01  0.13637186E+00    0.551250
  -1.033 -0.22712473E+00  0.51585643E-01  0.13597217E+00    0.533889
  -1.017 -0.24528041E+00  0.60162482E-01  0.13558229E+00    0.516806
  -1.000 -0.26302962E+00  0.69184581E-01  0.13520200E+00    0.500000
  -0.983 -0.28034048E+00  0.78590784E-01  0.13483110E+00    0.483472
  -0.967 -0.29718157E+00  0.88316888E-01  0.13446939E+00    0.467222
  -0.950 -0.31352200E+00  0.98296047E-01  0.13411669E+00    0.451250
  -0.933 -0.32933146E+00  0.10845921E+00  0.13377281E+00    0.435556
  -0.917 -0.34458030E+00  0.11873559E+00  0.13343759E+00    0.420139
  -0.900 -0.35923962E+00  0.12905311E+00  0.13311084E+00    0.405000
  -0.883 -0.37328133E+00  0.13933895E+00  0.13279241E+00    0.390139
  -0.867 -0.38667819E+00  0.14952002E+00  0.13248214E+00    0.375556
  -0.850 -0.39940394E+00  0.15952351E+00  0.13217989E+00    0.361250
  -0.833 -0.41143332E+00  0.16927737E+00  0.13188550E+00    0.347222
  -0.817 -0.42274215E+00  0.17871092E+00  0.13159885E+00    0.333472
  -0.800 -0.43330740E+00  0.18775530E+00  0.13131979E+00    0.320000
  -0.783 -0.44310725E+00  0.19634403E+00  0.13104820E+00    0.306806
  -0.767 -0.45212113E+00  0.20441352E+00  0.13078395E+00    0.293889
  -0.750 -0.46032983E+00  0.21190355E+00  0.13052693E+00    0.281250
  -0.733 -0.46771549E+00  0.21875778E+00  0.13027701E+00    0.268889
  -0.717 -0.47426169E+00  0.22492415E+00  0.13003410E+00    0.256806
  -0.700 -0.47995351E+00  0.23035537E+00  0.12979807E+00    0.245000
  -0.683 -0.48477754E+00  0.23500926E+00  0.12956884E+00    0.233472
  -0.667 -0.48872196E+00  0.23884916E+00  0.12934629E+00    0.222222
  -0.650 -0.49177657E+00  0.24184419E+00  0.12913034E+00    0.211250
  -0.633 -0.49393279E+00  0.24396961E+00  0.12892090E+00    0.200556
  -0.617 -0.49518377E+00  0.24520697E+00  0.12871787E+00    0.190139
  -0.600 -0.49552435E+00  0.24554438E+00  0.12852118E+00    0.180000
  -0.583 -0.49495110E+00  0.24497660E+00  0.12833074E+00    0.170139
  -0.567 -0.49346239E+00  0.24350513E+00  0.12814646E+00    0.160556
  -0.550 -0.49105832E+00  0.24113828E+00  0.12796829E+00    0.151250
  -0.533 -0.48774084E+00  0.23789113E+00  0.12779615E+00    0.142222
  -0.517 -0.48351366E+00  0.23378546E+00  0.12762996E+00    0.133472
  -0.500 -0.47838231E+00  0.22884964E+00  0.12746967E+00    0.125000
  -0.483 -0.47235415E+00  0.22311845E+00  0.12731520E+00    0.116806
  -0.467 -0.46543833E+00  0.21663284E+00  0.12716650E+00    0.108889
  -0.450 -0.45764579E+00  0.20943967E+00  0.12702352E+00    0.101250
  -0.433 -0.44898927E+00  0.20159137E+00  0.12688618E+00    0.093889
  -0.417 -0.43948329E+00  0.19314556E+00  0.12675445E+00    0.086806
  -0.400 -0.42914409E+00  0.18416465E+00  0.12662827E+00    0.080000
  -0.383 -0.41798966E+00  0.17471536E+00  0.12650760E+00    0.073472
  -0.367 -0.40603967E+00  0.16486822E+00  0.12639238E+00    0.067222
  -0.350 -0.39331546E+00  0.15469705E+00  0.12628258E+00    0.061250
  -0.333 -0.37983999E+00  0.14427842E+00  0.12617815E+00    0.055556
  -0.317 -0.36563779E+00  0.13369099E+00  0.12607905E+00    0.050139
  -0.300 -0.35073493E+00  0.12301499E+00  0.12598525E+00    0.045000
  -0.283 -0.33515898E+00  0.11233154E+00  0.12589672E+00    0.040139
  -0.267 -0.31893892E+00  0.10172203E+00  0.12581341E+00    0.035556
  -0.250 -0.30210511E+00  0.91267496E-01  0.12573531E+00    0.031250
  -0.233 -0.28468922E+00  0.81047951E-01  0.12566237E+00    0.027222
  -0.217 -0.26672417E+00  0.71141783E-01  0.12559458E+00    0.023472
  -0.200 -0.24824406E+00  0.61625115E-01  0.12553191E+00    0.020000
  -0.183 -0.22928410E+00  0.52571200E-01  0.12547433E+00    0.016806
  -0.167 -0.20988053E+00  0.44049838E-01  0.12542183E+00    0.013889
  -0.150 -0.19007056E+00  0.36126816E-01  0.12537439E+00    0.011250
  -0.133 -0.16989225E+00  0.28863377E-01  0.12533198E+00    0.008889
  -0.117 -0.14938450E+00  0.22315728E-01  0.12529460E+00    0.006806
  -0.100 -0.12858689E+00  0.16534589E-01  0.12526223E+00    0.005000
  -0.083 -0.10753966E+00  0.11564779E-01  0.12523486E+00    0.003472
  -0.067 -0.86283569E-01  0.74448543E-02  0.12521248E+00    0.002222
  -0.050 -0.64859840E-01  0.42067989E-02  0.12519509E+00    0.001250
  -0.033 -0.43310063E-01  0.18757616E-02  0.12518266E+00    0.000556
  -0.017 -0.21676101E-01  0.46985336E-03  0.12517521E+00    0.000139
   0.000  0.00000000E+00  0.00000000E+00  0.12517273E+00    0.000000
   0.017  0.21676101E-01  0.46985336E-03  0.12517521E+00    0.000139
   0.033  0.43310063E-01  0.18757616E-02  0.12518266E+00    0.000556
   0.050  0.64859840E-01  0.42067989E-02  0.12519509E+00    0.001250
   0.067  0.86283569E-01  0.74448543E-02  0.12521248E+00    0.002222
   0.083  0.10753966E+00  0.11564779E-01  0.12523486E+00    0.003472
   0.100  0.12858689E+00  0.16534589E-01  0.12526223E+00    0.005000
   0.117  0.14938450E+00  0.22315728E-01  0.12529460E+00    0.006806
   0.133  0.16989225E+00  0.28863377E-01  0.12533198E+00    0.008889
   0.150  0.19007056E+00  0.36126816E-01  0.12537439E+00    0.011250
   0.167  0.20988053E+00  0.44049838E-01  0.12542183E+00    0.013889
   0.183  0.22928410E+00  0.52571200E-01  0.12547433E+00    0.016806
   0.200  0.24824406E+00  0.61625115E-01  0.12553191E+00    0.020000
   0.217  0.26672417E+00  0.71141783E-01  0.12559458E+00    0.023472
   0.233  0.28468922E+00  0.81047951E-01  0.12566237E+00    0.027222
   0.250  0.30210511E+00  0.91267496E-01  0.12573531E+00    0.031250
   0.267  0.31893892E+00  0.10172203E+00  0.12581341E+00    0.035556
   0.283  0.33515898E+00  0.11233154E+00  0.12589672E+00    0.040139
   0.300  0.35073493E+00  0.12301499E+00  0.12598525E+00    0.045000
   0.317  0.36563779E+00  0.13369099E+00  0.12607905E+00    0.050139
   0.333  0.37983999E+00  0.14427842E+00  0.12617815E+00    0.055556
   0.350  0.39331546E+00  0.15469705E+00  0.12628258E+00    0.061250
   0.367  0.40603967E+00  0.16486822E+00  0.12639238E+00    0.067222
   0.383  0.41798966E+00  0.17471536E+00  0.12650760E+00    0.073472
   0.400  0.42914409E+00  0.18416465E+00  0.12662827E+00    0.080000
   0.417  0.43948329E+00  0.19314556E+00  0.12675445E+00    0.086806
   0.433  0.44898927E+00  0.20159137E+00  0.12688618E+00    0.093889
   0.450  0.45764579E+00  0.20943967E+00  0.12702352E+00    0.101250
   0.467  0.46543833E+00  0.21663284E+00  0.12716650E+00    0.108889
   0.483  0.47235415E+00  0.22311845E+00  0.12731520E+00    0.116806
   0.500  0.47838231E+00  0.22884964E+00  0.12746967E+00    0.125000
   0.517  0.48351366E+00  0.23378546E+00  0.12762996E+00    0.133472
   0.533  0.48774084E+00  0.23789113E+00  0.12779615E+00    0.142222
   0.550  0.49105832E+00  0.24113828E+00  0.12796829E+00    0.151250
   0.567  0.49346239E+00  0.24350513E+00  0.12814646E+00    0.160556
   0.583  0.49495110E+00  0.24497660E+00  0.12833074E+00    0.170139
   0.600  0.49552435E+00  0.24554438E+00  0.12852118E+00    0.180000
   0.617  0.49518377E+00  0.24520697E+00  0.12871787E+00    0.190139
   0.633  0.49393279E+00  0.24396961E+00  0.12892090E+00    0.200556
   0.650  0.49177657E+00  0.24184419E+00  0.12913034E+00    0.211250
   0.667  0.48872196E+00  0.23884916E+00  0.12934629E+00    0.222222
   0.683  0.48477754E+00  0.23500926E+00  0.12956884E+00    0.233472
   0.700  0.47995351E+00  0.23035537E+00  0.12979807E+00    0.245000
   0.717  0.47426169E+00  0.22492415E+00  0.13003410E+00    0.256806
   0.733  0.46771549E+00  0.21875778E+00  0.13027701E+00    0.268889
   0.750  0.46032983E+00  0.21190355E+00  0.13052693E+00    0.281250
   0.767  0.45212113E+00  0.20441352E+00  0.13078395E+00    0.293889
   0.783  0.44310725E+00  0.19634403E+00  0.13104820E+00    0.306806
   0.800  0.43330740E+00  0.18775530E+00  0.13131979E+00    0.320000
   0.817  0.42274215E+00  0.17871092E+00  0.13159885E+00    0.333472
   0.833  0.41143332E+00  0.16927737E+00  0.13188550E+00    0.347222
   0.850  0.39940394E+00  0.15952351E+00  0.13217989E+00    0.361250
   0.867  0.38667819E+00  0.14952002E+00  0.13248214E+00    0.375556
   0.883  0.37328133E+00  0.13933895E+00  0.13279241E+00    0.390139
   0.900  0.35923962E+00  0.12905311E+00  0.13311084E+00    0.405000
   0.917  0.34458030E+00  0.11873559E+00  0.13343759E+00    0.420139
   0.933  0.32933146E+00  0.10845921E+00  0.13377281E+00    0.435556
   0.950  0.31352200E+00  0.98296047E-01  0.13411669E+00    0.451250
   0.967  0.29718157E+00  0.88316888E-01  0.13446939E+00    0.467222
   0.983  0.28034048E+00  0.78590784E-01  0.13483110E+00    0.483472
   1.000  0.26302962E+00  0.69184581E-01  0.13520200E+00    0.500000
   1.017  0.24528041E+00  0.60162482E-01  0.13558229E+00    0.516806
   1.033  0.22712473E+00  0.51585643E-01  0.13597217E+00    0.533889
   1.050  0.20859480E+00  0.43511793E-01  0.13637186E+00    0.551250
   1.067  0.18972318E+00  0.35994885E-01  0.13678158E+00    0.568889
   1.083  0.17054262E+00  0.29084787E-01  0.13720155E+00    0.586806
   1.100  0.15108606E+00  0.22826998E-01  0.13763201E+00    0.605000
   1.117  0.13138651E+00  0.17262414E-01  0.13807322E+00    0.623472
   1.133  0.11147698E+00  0.12427117E-01  0.13852543E+00    0.642222
   1.150  0.91390454E-01  0.83522151E-02  0.13898892E+00    0.661250
   1.167  0.71159784E-01  0.50637149E-02  0.13946395E+00    0.680556
   1.183  0.50817632E-01  0.25824317E-02  0.13995084E+00    0.700139
   1.200  0.30396407E-01  0.92394156E-03  0.14044987E+00    0.720000
   1.217  0.99282054E-02  0.98569262E-04  0.14096138E+00    0.740139
   1.233 -0.10555255E-01  0.11141341E-03  0.14148568E+00    0.760556
   1.250 -0.31022693E-01  0.96240746E-03  0.14202314E+00    0.781250
   1.267 -0.51443319E-01  0.26464150E-02  0.14257411E+00    0.802222
   1.283 -0.71786893E-01  0.51533581E-02  0.14313896E+00    0.823472
   1.300 -0.92023778E-01  0.84683758E-02  0.14371810E+00    0.845000
   1.317 -0.11212499E+00  0.12572013E-01  0.14431194E+00    0.866806
   1.333 -0.13206223E+00  0.17440433E-01  0.14492091E+00    0.888889
   1.350 -0.15180797E+00  0.23045659E-01  0.14554547E+00    0.911250
   1.367 -0.17133545E+00  0.29355835E-01  0.14618608E+00    0.933889
   1.383 -0.19061874E+00  0.36335503E-01  0.14684324E+00    0.956806
   1.400 -0.20963278E+00  0.43945903E-01  0.14751748E+00    0.980000
   1.417 -0.22835342E+00  0.52145283E-01  0.14820933E+00    1.003472
   1.433 -0.24675741E+00  0.60889222E-01  0.14891937E+00    1.027222
   1.450 -0.26482251E+00  0.70130961E-01  0.14964821E+00    1.051250
   1.467 -0.28252742E+00  0.79821742E-01  0.15039646E+00    1.075556
   1.483 -0.29985187E+00  0.89911146E-01  0.15116480E+00    1.100139
   1.500 -0.31677664E+00  0.10034744E+00  0.15195393E+00    1.125000
   1.517 -0.33328352E+00  0.11107790E+00  0.15276457E+00    1.150139
   1.533 -0.34935540E+00  0.12204919E+00  0.15359750E+00    1.175556
   1.550 -0.36497622E+00  0.13320764E+00  0.15445354E+00    1.201250
   1.567 -0.38013103E+00  0.14449960E+00  0.15533355E+00    1.227222
   1.583 -0.39480596E+00  0.15587175E+00  0.15623842E+00    1.253472
   1.600 -0.40898824E+00  0.16727138E+00  0.15716913E+00    1.280000
   1.617 -0.42266619E+00  0.17864671E+00  0.15812669E+00    1.306806
   1.633 -0.43582923E+00  0.18994712E+00  0.15911216E+00    1.333889
   1.650 -0.44846789E+00  0.20112345E+00  0.16012669E+00    1.361250
   1.667 -0.46057378E+00  0.21212820E+00  0.16117148E+00    1.388889
   1.683 -0.47213957E+00  0.22291577E+00  0.16224781E+00    1.416806
   1.700 -0.48315903E+00  0.23344265E+00  0.16335703E+00    1.445000
   1.717 -0.49362697E+00  0.24366759E+00  0.16450059E+00    1.473472
   1.733 -0.50353925E+00  0.25355177E+00  0.16568003E+00    1.502222
   1.750 -0.51289274E+00  0.26305896E+00  0.16689697E+00    1.531250
   1.767 -0.52168534E+00  0.27215560E+00  0.16815317E+00    1.560556
   1.783 -0.52991592E+00  0.28081089E+00  0.16945050E+00    1.590139
   1.800 -0.53758432E+00  0.28899690E+00  0.17079094E+00    1.620000
   1.817 -0.54469132E+00  0.29668864E+00  0.17217662E+00    1.650139
   1.833 -0.55123862E+00  0.30386401E+00  0.17360984E+00    1.680556
   1.850 -0.55722879E+00  0.31050392E+00  0.17509305E+00    1.711250
   1.867 -0.56266529E+00  0.31659222E+00  0.17662890E+00    1.742222
   1.883 -0.56755238E+00  0.32211571E+00  0.17822021E+00    1.773472
   1.900 -0.57189516E+00  0.32706407E+00  0.17987007E+00    1.805000
   1.917 -0.57569946E+00  0.33142986E+00  0.18158176E+00    1.836806
   1.933 -0.57897187E+00  0.33520843E+00  0.18335889E+00    1.868889
   1.950 -0.58171969E+00  0.33839780E+00  0.18520532E+00    1.901250
   1.967 -0.58395089E+00  0.34099864E+00  0.18712528E+00    1.933889
   1.983 -0.58567406E+00  0.34301411E+00  0.18912334E+00    1.966806
   2.000 -0.58689842E+00  0.34444975E+00  0.19120450E+00    2.000000
   2.017 -0.58763374E+00  0.34531341E+00  0.19337423E+00    2.033472
   2.033 -0.58789033E+00  0.34561504E+00  0.19563850E+00    2.067222
   2.050 -0.58767901E+00  0.34536662E+00  0.19800388E+00    2.101250
   2.067 -0.58701105E+00  0.34458198E+00  0.20047758E+00    2.135556
   2.083 -0.58589816E+00  0.34327665E+00  0.20306758E+00    2.170139
   2.100 -0.58435242E+00  0.34146775E+00  0.20578270E+00    2.205000
   2.117 -0.58238631E+00  0.33917381E+00  0.20863271E+00    2.240139
   2.133 -0.58001259E+00  0.33641460E+00  0.21162852E+00    2.275556
   2.150 -0.57724434E+00  0.33321103E+00  0.21478230E+00    2.311250
   2.167 -0.57409489E+00  0.32958494E+00  0.21810767E+00    2.347222
   2.183 -0.57057778E+00  0.32555901E+00  0.22162001E+00    2.383472
   2.200 -0.56670677E+00  0.32115656E+00  0.22533667E+00    2.420000
   2.217 -0.56249574E+00  0.31640145E+00  0.22927733E+00    2.456806
   2.233 -0.55795872E+00  0.31131793E+00  0.23346446E+00    2.493889
   2.250 -0.55310983E+00  0.30593049E+00  0.23792380E+00    2.531250
   2.267 -0.54796327E+00  0.30026375E+00  0.24268503E+00    2.568889
   2.283 -0.54253326E+00  0.29434234E+00  0.24778256E+00    2.606806
   2.300 -0.53683403E+00  0.28819077E+00  0.25325655E+00    2.645000
   2.317 -0.53087980E+00  0.28183336E+00  0.25915421E+00    2.683472
   2.333 -0.52468474E+00  0.27529408E+00  0.26553146E+00    2.722222
   2.350 -0.51826296E+00  0.26859650E+00  0.27245514E+00    2.761250
   2.367 -0.51162847E+00  0.26176369E+00  0.28000587E+00    2.800556
   2.383 -0.50479515E+00  0.25481815E+00  0.28828197E+00    2.840139
   2.400 -0.49777677E+00  0.24778171E+00  0.29740475E+00    2.880000
   2.417 -0.49058692E+00  0.24067553E+00  0.30752594E+00    2.920139
   2.433 -0.48323901E+00  0.23351994E+00  0.31883823E+00    2.960556
   2.450 -0.47574626E+00  0.22633451E+00  0.33159066E+00    3.001250
   2.467 -0.46812167E+00  0.21913790E+00  0.34611179E+00    3.042222
   2.483 -0.46037801E+00  0.21194791E+00  0.36284552E+00    3.083472
   2.500 -0.45252779E+00  0.20478140E+00  0.38240901E+00    3.125000
   2.517 -0.44458327E+00  0.19765429E+00  0.40569054E+00    3.166806
   2.533 -0.43655643E+00  0.19058152E+00  0.43402462E+00    3.208889
   2.550 -0.42845897E+00  0.18357709E+00  0.46952877E+00    3.251250
   2.567 -0.42030226E+00  0.17665399E+00  0.51581392E+00    3.293889
   2.583 -0.41209741E+00  0.16982427E+00  0.57968369E+00    3.336806
   2.600 -0.40385516E+00  0.16309899E+00  0.67601005E+00    3.380000
   2.617 -0.39558596E+00  0.15648825E+00  0.84651419E+00    3.423472
   2.633 -0.38729992E+00  0.15000123E+00  0.12934633E+01    3.467222
   2.650 -0.37900679E+00  0.14364615E+00  0.00000000E+00    3.511250
   2.667 -0.37071600E+00  0.13743036E+00  0.00000000E+00    3.555556
   2.683 -0.36243663E+00  0.13136031E+00  0.00000000E+00    3.600139
   2.700 -0.35417739E+00  0.12544162E+00  0.00000000E+00    3.645000
   2.717 -0.34594665E+00  0.11967909E+00  0.00000000E+00    3.690139
   2.733 -0.33775243E+00  0.11407670E+00  0.00000000E+00    3.735556
   2.750 -0.32960237E+00  0.10863772E+00  0.00000000E+00    3.781250
   2.767 -0.32150379E+00  0.10336468E+00  0.00000000E+00    3.827222
   2.783 -0.31346362E+00  0.98259441E-01  0.00000000E+00    3.873472
   2.800 -0.30548846E+00  0.93323200E-01  0.00000000E+00    3.920000
   2.817 -0.29758456E+00  0.88556568E-01  0.00000000E+00    3.966806
   2.833 -0.28975779E+00  0.83959580E-01  0.00000000E+00    4.013889
   2.850 -0.28201373E+00  0.79531744E-01  0.00000000E+00    4.061250
   2.867 -0.27435757E+00  0.75272077E-01  0.00000000E+00    4.108889
   2.883 -0.26679419E+00  0.71179141E-01  0.00000000E+00    4.156806
   2.900 -0.25932814E+00  0.67251082E-01  0.00000000E+00    4.205000
   2.917 -0.25196362E+00  0.63485668E-01  0.00000000E+00    4.253472
   2.933 -0.24470456E+00  0.59880321E-01  0.00000000E+00    4.302222
   2.950 -0.23755453E+00  0.56432153E-01  0.00000000E+00    4.351250
   2.967 -0.23051681E+00  0.53138001E-01  0.00000000E+00    4.400556
   2.983 -0.22359440E+00  0.49994457E-01  0.00000000E+00    4.450139
   3.000 -0.21679000E+00  0.46997903E-01  0.00000000E+00    4.500000
   3.017 -0.21010601E+00  0.44144534E-01  0.00000000E+00    4.550139
   3.033 -0.20354457E+00  0.41430393E-01  0.00000000E+00    4.600556
   3.050 -0.19710757E+00  0.38851393E-01  0.00000000E+00    4.651250
   3.067 -0.19079661E+00  0.36403346E-01  0.00000000E+00    4.702222
   3.083 -0.18461306E+00  0.34081983E-01  0.00000000E+00    4.753472
   3.100 -0.17855806E+00  0.31882980E-01  0.00000000E+00    4.805000
   3.117 -0.17263249E+00  0.29801976E-01  0.00000000E+00    4.856806
   3.133 -0.16683703E+00  0.27834594E-01  0.00000000E+00    4.908889
   3.150 -0.16117214E+00  0.25976458E-01  0.00000000E+00    4.961250
   3.167 -0.15563807E+00  0.24223209E-01  0.00000000E+00    5.013889
   3.183 -0.15023489E+00  0.22570521E-01  0.00000000E+00    5.066806
   3.200 -0.14496246E+00  0.21014115E-01  0.00000000E+00    5.120000
   3.217 -0.13982049E+00  0.19549769E-01  0.00000000E+00    5.173472
   3.233 -0.13480849E+00  0.18173329E-01  0.00000000E+00    5.227222
   3.250 -0.12992584E+00  0.16880724E-01  0.00000000E+00    5.281250
   3.267 -0.12517175E+00  0.15667967E-01  0.00000000E+00    5.335556
   3.283 -0.12054530E+00  0.14531168E-01  0.00000000E+00    5.390139
   3.300 -0.11604541E+00  0.13466537E-01  0.00000000E+00    5.445000
   3.317 -0.11167091E+00  0.12470392E-01  0.00000000E+00    5.500139
   3.333 -0.10742049E+00  0.11539161E-01  0.00000000E+00    5.555556
   3.350 -0.10329273E+00  0.10669387E-01  0.00000000E+00    5.611250
   3.367 -0.99286111E-01  0.98577319E-02  0.00000000E+00    5.667222
   3.383 -0.95399032E-01  0.91009752E-02  0.00000000E+00    5.723472
   3.400 -0.91629788E-01  0.83960181E-02  0.00000000E+00    5.780000
   3.417 -0.87976603E-01  0.77398827E-02  0.00000000E+00    5.836806
   3.433 -0.84437626E-01  0.71297126E-02  0.00000000E+00    5.893889
   3.450 -0.81010940E-01  0.65627725E-02  0.00000000E+00    5.951250
   3.467 -0.77694572E-01  0.60364465E-02  0.00000000E+00    6.008889
   3.483 -0.74486492E-01  0.55482375E-02  0.00000000E+00    6.066806
   3.500 -0.71384627E-01  0.50957650E-02  0.00000000E+00    6.125000
   3.517 -0.68386862E-01  0.46767629E-02  0.00000000E+00    6.183472
   3.533 -0.65491047E-01  0.42890772E-02  0.00000000E+00    6.242222
   3.550 -0.62695002E-01  0.39306633E-02  0.00000000E+00    6.301250
   3.567 -0.59996525E-01  0.35995830E-02  0.00000000E+00    6.360556
   3.583 -0.57393393E-01  0.32940016E-02  0.00000000E+00    6.420139
   3.600 -0.54883369E-01  0.30121842E-02  0.00000000E+00    6.480000
   3.617 -0.52464208E-01  0.27524931E-02  0.00000000E+00    6.540139
   3.633 -0.50133657E-01  0.25133835E-02  0.00000000E+00    6.600556
   3.650 -0.47889462E-01  0.22934006E-02  0.00000000E+00    6.661250
   3.667 -0.45729374E-01  0.20911757E-02  0.00000000E+00    6.722222
   3.683 -0.43651148E-01  0.19054227E-02  0.00000000E+00    6.783472
   3.700 -0.41652550E-01  0.17349349E-02  0.00000000E+00    6.845000
   3.717 -0.39731357E-01  0.15785807E-02  0.00000000E+00    6.906806
   3.733 -0.37885364E-01  0.14353008E-02  0.00000000E+00    6.968889
   3.750 -0.36112384E-01  0.13041043E-02  0.00000000E+00    7.031250
   3.767 -0.34410251E-01  0.11840654E-02  0.00000000E+00    7.093889
   3.783 -0.32776825E-01  0.10743202E-02  0.00000000E+00    7.156806
   3.800 -0.31209988E-01  0.97406336E-03  0.00000000E+00    7.220000
   3.817 -0.29707655E-01  0.88254477E-03  0.00000000E+00    7.283472
   3.833 -0.28267768E-01  0.79906670E-03  0.00000000E+00    7.347222
   3.850 -0.26888302E-01  0.72298076E-03  0.00000000E+00    7.411250
   3.867 -0.25567264E-01  0.65368500E-03  0.00000000E+00    7.475556
   3.883 -0.24302699E-01  0.59062116E-03  0.00000000E+00    7.540139
   3.900 -0.23092684E-01  0.53327207E-03  0.00000000E+00    7.605000
   3.917 -0.21935337E-01  0.48115902E-03  0.00000000E+00    7.670139
   3.933 -0.20828812E-01  0.43383941E-03  0.00000000E+00    7.735556
   3.950 -0.19771302E-01  0.39090438E-03  0.00000000E+00    7.801250
   3.967 -0.18761040E-01  0.35197664E-03  0.00000000E+00    7.867222
   3.983 -0.17796301E-01  0.31670833E-03  0.00000000E+00    7.933472
   4.000 -0.16875398E-01  0.28477906E-03  0.00000000E+00    8.000000
   4.017 -0.15996687E-01  0.25589400E-03  0.00000000E+00    8.066806
   4.033 -0.15158565E-01  0.22978210E-03  0.00000000E+00    8.133889
   4.050 -0.14359470E-01  0.20619439E-03  0.00000000E+00    8.201250
   4.067 -0.13597883E-01  0.18490243E-03  0.00000000E+00    8.268889
   4.083 -0.12872326E-01  0.16569677E-03  0.00000000E+00    8.336806
   4.100 -0.12181361E-01  0.14838556E-03  0.00000000E+00    8.405000
   4.117 -0.11523594E-01  0.13279322E-03  0.00000000E+00    8.473472
   4.133 -0.10897671E-01  0.11875922E-03  0.00000000E+00    8.542222
   4.150 -0.10302277E-01  0.10613692E-03  0.00000000E+00    8.611250
   4.167 -0.97361416E-02  0.94792452E-04  0.00000000E+00    8.680556
   4.183 -0.91980306E-02  0.84603767E-04  0.00000000E+00    8.750139
   4.200 -0.86867512E-02  0.75459646E-04  0.00000000E+00    8.820000
   4.217 -0.82011491E-02  0.67258847E-04  0.00000000E+00    8.890139
   4.233 -0.77401088E-02  0.59909284E-04  0.00000000E+00    8.960556
   4.250 -0.73025523E-02  0.53327269E-04  0.00000000E+00    9.031250
   4.267 -0.68874389E-02  0.47436814E-04  0.00000000E+00    9.102222
   4.283 -0.64937646E-02  0.42168979E-04  0.00000000E+00    9.173472
   4.300 -0.61205611E-02  0.37461269E-04  0.00000000E+00    9.245000
   4.317 -0.57668953E-02  0.33257082E-04  0.00000000E+00    9.316806
   4.333 -0.54318684E-02  0.29505194E-04  0.00000000E+00    9.388889
   4.350 -0.51146151E-02  0.26159287E-04  0.00000000E+00    9.461250
   4.367 -0.48143031E-02  0.23177514E-04  0.00000000E+00    9.533889
   4.383 -0.45301320E-02  0.20522096E-04  0.00000000E+00    9.606806
   4.400 -0.42613326E-02  0.18158956E-04  0.00000000E+00    9.680000
   4.417 -0.40071664E-02  0.16057382E-04  0.00000000E+00    9.753472
   4.433 -0.37669240E-02  0.14189716E-04  0.00000000E+00    9.827222
   4.450 -0.35399251E-02  0.12531070E-04  0.00000000E+00    9.901250
   4.467 -0.33255174E-02  0.11059066E-04  0.00000000E+00    9.975556
   4.483 -0.31230755E-02  0.97536008E-05  0.00000000E+00   10.050139
   4.500 -0.29320005E-02  0.85966272E-05  0.00000000E+00   10.125000
   4.517 -0.27517190E-02  0.75719575E-05  0.00000000E+00   10.200139
   4.533 -0.25816822E-02  0.66650829E-05  0.00000000E+00   10.275556
   4.550 -0.24213652E-02  0.58630096E-05  0.00000000E+00   10.351250
   4.567 -0.22702665E-02  0.51541099E-05  0.00000000E+00   10.427222
   4.583 -0.21279066E-02  0.45279863E-05  0.00000000E+00   10.503472
   4.600 -0.19938277E-02  0.39753487E-05  0.00000000E+00   10.580000
   4.617 -0.18675928E-02  0.34879029E-05  0.00000000E+00   10.656806
   4.633 -0.17487851E-02  0.30582495E-05  0.00000000E+00   10.733889
   4.650 -0.16370071E-02  0.26797922E-05  0.00000000E+00   10.811250
   4.667 -0.15318797E-02  0.23466555E-05  0.00000000E+00   10.888889
   4.683 -0.14330421E-02  0.20536096E-05  0.00000000E+00   10.966806
   4.700 -0.13401504E-02  0.17960031E-05  0.00000000E+00   11.045000
   4.717 -0.12528775E-02  0.15697020E-05  0.00000000E+00   11.123472
   4.733 -0.11709121E-02  0.13710353E-05  0.00000000E+00   11.202222
   4.750 -0.10939584E-02  0.11967449E-05  0.00000000E+00   11.281250
   4.767 -0.10217348E-02  0.10439421E-05  0.00000000E+00   11.360556
   4.783 -0.95397432E-03  0.91006700E-06  0.00000000E+00   11.440139
   4.800 -0.89042304E-03  0.79285319E-06  0.00000000E+00   11.520000
   4.817 -0.83084012E-03  0.69029531E-06  0.00000000E+00   11.600139
   4.833 -0.77499703E-03  0.60062040E-06  0.00000000E+00   11.680556
   4.850 -0.72267705E-03  0.52226213E-06  0.00000000E+00   11.761250
   4.867 -0.67367476E-03  0.45383768E-06  0.00000000E+00   11.842222
   4.883 -0.62779552E-03  0.39412721E-06  0.00000000E+00   11.923472
   4.900 -0.58485499E-03  0.34205536E-06  0.00000000E+00   12.005000
   4.917 -0.54467869E-03  0.29667488E-06  0.00000000E+00   12.086806
   4.933 -0.50710149E-03  0.25715192E-06  0.00000000E+00   12.168889
   4.950 -0.47196723E-03  0.22275307E-06  0.00000000E+00   12.251250
   4.967 -0.43912826E-03  0.19283363E-06  0.00000000E+00   12.333889
   4.983 -0.40844505E-03  0.16682736E-06  0.00000000E+00   12.416806
   5.000 -0.37978580E-03  0.14423725E-06  0.00000000E+00   12.500000
   5.017 -0.35302606E-03  0.12462740E-06  0.00000000E+00   12.583472
   5.033 -0.32804838E-03  0.10761574E-06  0.00000000E+00   12.667222
   5.050 -0.30474193E-03  0.92867647E-07  0.00000000E+00   12.751250
   5.067 -0.28300224E-03  0.80090268E-07  0.00000000E+00   12.835556
   5.083 -0.26273079E-03  0.69027467E-07  0.00000000E+00   12.920139
   5.100 -0.24383476E-03  0.59455392E-07  0.00000000E+00   13.005000
   5.117 -0.22622675E-03  0.51178542E-07  0.00000000E+00   13.090139
   5.133 -0.20982444E-03  0.44026296E-07  0.00000000E+00   13.175556
   5.150 -0.19455039E-03  0.37849853E-07  0.00000000E+00   13.261250
   5.167 -0.18033173E-03  0.32519532E-07  0.00000000E+00   13.347222
   5.183 -0.16709995E-03  0.27922392E-07  0.00000000E+00   13.433472
   5.200 -0.15479065E-03  0.23960144E-07  0.00000000E+00   13.520000
   5.217 -0.14334332E-03  0.20547307E-07  0.00000000E+00   13.606806
   5.233 -0.13270114E-03  0.17609593E-07  0.00000000E+00   13.693889
   5.250 -0.12281076E-03  0.15082482E-07  0.00000000E+00   13.781250
   5.267 -0.11362211E-03  0.12909983E-07  0.00000000E+00   13.868889
   5.283 -0.10508822E-03  0.11043533E-07  0.00000000E+00   13.956806
   5.300 -0.97165048E-04  0.94410466E-08  0.00000000E+00   14.045000
   5.317 -0.89811323E-04  0.80660738E-08  0.00000000E+00   14.133472
   5.333 -0.82988361E-04  0.68870681E-08  0.00000000E+00   14.222222
   5.350 -0.76659936E-04  0.58767458E-08  0.00000000E+00   14.311250
   5.367 -0.70792131E-04  0.50115258E-08  0.00000000E+00   14.400556
   5.383 -0.65353204E-04  0.42710413E-08  0.00000000E+00   14.490139
   5.400 -0.60313460E-04  0.36377135E-08  0.00000000E+00   14.580000
   5.417 -0.55645130E-04  0.30963805E-08  0.00000000E+00   14.670139
   5.433 -0.51322255E-04  0.26339738E-08  0.00000000E+00   14.760556
   5.450 -0.47320577E-04  0.22392371E-08  0.00000000E+00   14.851250
   5.467 -0.43617441E-04  0.19024812E-08  0.00000000E+00   14.942222
   5.483 -0.40191689E-04  0.16153718E-08  0.00000000E+00   15.033472
   5.500 -0.37023574E-04  0.13707451E-08  0.00000000E+00   15.125000
   5.517 -0.34094674E-04  0.11624468E-08  0.00000000E+00   15.216806
   5.533 -0.31387804E-04  0.98519425E-09  0.00000000E+00   15.308889
   5.550 -0.28886945E-04  0.83445557E-09  0.00000000E+00   15.401250
   5.567 -0.26577165E-04  0.70634570E-09  0.00000000E+00   15.493889
   5.583 -0.24444556E-04  0.59753631E-09  0.00000000E+00   15.586806
   5.600 -0.22476164E-04  0.50517794E-09  0.00000000E+00   15.680000
   5.617 -0.20659930E-04  0.42683272E-09  0.00000000E+00   15.773472
   5.633 -0.18984634E-04  0.36041631E-09  0.00000000E+00   15.867222
   5.650 -0.17439835E-04  0.30414785E-09  0.00000000E+00   15.961250
   5.667 -0.16015828E-04  0.25650676E-09  0.00000000E+00   16.055556
   5.683 -0.14703590E-04  0.21619556E-09  0.00000000E+00   16.150139
   5.700 -0.13494736E-04  0.18210790E-09  0.00000000E+00   16.245000
   5.717 -0.12381479E-04  0.15330102E-09  0.00000000E+00   16.340139
   5.733 -0.11356587E-04  0.12897206E-09  0.00000000E+00   16.435556
   5.750 -0.10413348E-04  0.10843783E-09  0.00000000E+00   16.531250
   5.767 -0.95455360E-05  0.91117257E-10  0.00000000E+00   16.627222
   5.783 -0.87473732E-05  0.76516538E-10  0.00000000E+00   16.723472
   5.800 -0.80135046E-05  0.64216255E-10  0.00000000E+00   16.820000
   5.817 -0.73389662E-05  0.53860425E-10  0.00000000E+00   16.916806
   5.833 -0.67191592E-05  0.45147100E-10  0.00000000E+00   17.013889
   5.850 -0.61498240E-05  0.37820335E-10  0.00000000E+00   17.111250
   5.867 -0.56270171E-05  0.31663321E-10  0.00000000E+00   17.208889
   5.883 -0.51470886E-05  0.26492521E-10  0.00000000E+00   17.306806
   5.900 -0.47066616E-05  0.22152664E-10  0.00000000E+00   17.405000
   5.917 -0.43026133E-05  0.18512481E-10  0.00000000E+00   17.503472
   5.933 -0.39320563E-05  0.15461067E-10  0.00000000E+00   17.602222
   5.950 -0.35923221E-05  0.12904778E-10  0.00000000E+00   17.701250
   5.967 -0.32809456E-05  0.10764604E-10  0.00000000E+00   17.800556
   5.983 -0.29956500E-05  0.89739187E-11  0.00000000E+00   17.900139
   6.000 -0.27343332E-05  0.74765783E-11  0.00000000E+00   18.000000
   6.017 -0.24950556E-05  0.62253025E-11  0.00000000E+00   18.100139
   6.033 -0.22760274E-05  0.51803009E-11  0.00000000E+00   18.200556
   6.050 -0.20755983E-05  0.43081081E-11  0.00000000E+00   18.301250
   6.067 -0.18922465E-05  0.35805968E-11  0.00000000E+00   18.402222
   6.083 -0.17245698E-05  0.29741411E-11  0.00000000E+00   18.503472
   6.100 -0.15712764E-05  0.24689097E-11  0.00000000E+00   18.605000
   6.117 -0.14311765E-05  0.20482663E-11  0.00000000E+00   18.706806
   6.133 -0.13031748E-05  0.16982646E-11  0.00000000E+00   18.808889
   6.150 -0.11862632E-05  0.14072204E-11  0.00000000E+00   18.911250
   6.167 -0.10795144E-05  0.11653513E-11  0.00000000E+00   19.013889
   6.183 -0.98207544E-06  0.96447217E-12  0.00000000E+00   19.116806
   6.200 -0.89316226E-06  0.79773882E-12  0.00000000E+00   19.220000
   6.217 -0.81205425E-06  0.65943210E-12  0.00000000E+00   19.323472
   6.233 -0.73808935E-06  0.54477589E-12  0.00000000E+00   19.427222
   6.250 -0.67065956E-06  0.44978425E-12  0.00000000E+00   19.531250
   6.267 -0.60920665E-06  0.37113274E-12  0.00000000E+00   19.635556
   6.283 -0.55321831E-06  0.30605050E-12  0.00000000E+00   19.740139
   6.300 -0.50222452E-06  0.25222947E-12  0.00000000E+00   19.845000
   6.317 -0.45579419E-06  0.20774835E-12  0.00000000E+00   19.950139
   6.333 -0.41353210E-06  0.17100880E-12  0.00000000E+00   20.055556
   6.350 -0.37507601E-06  0.14068201E-12  0.00000000E+00   20.161250
   6.367 -0.34009404E-06  0.11566395E-12  0.00000000E+00   20.267222
   6.383 -0.30828222E-06  0.95037930E-13  0.00000000E+00   20.373472
   6.400 -0.27936226E-06  0.78043272E-13  0.00000000E+00   20.480000
   6.417 -0.25307941E-06  0.64049190E-13  0.00000000E+00   20.586806
   6.433 -0.22920063E-06  0.52532927E-13  0.00000000E+00   20.693889
   6.450 -0.20751272E-06  0.43061529E-13  0.00000000E+00   20.801250
   6.467 -0.18782078E-06  0.35276645E-13  0.00000000E+00   20.908889
   6.483 -0.16994665E-06  0.28881864E-13  0.00000000E+00   21.016806
   6.500 -0.15372754E-06  0.23632156E-13  0.00000000E+00   21.125000
   6.517 -0.13901475E-06  0.19325101E-13  0.00000000E+00   21.233472
   6.533 -0.12567252E-06  0.15793581E-13  0.00000000E+00   21.342222
   6.550 -0.11357689E-06  0.12899710E-13  0.00000000E+00   21.451250
   6.567 -0.10261479E-06  0.10529794E-13  0.00000000E+00   21.560556
   6.583 -0.92683039E-07  0.85901457E-14  0.00000000E+00   21.670139
   6.600 -0.83687575E-07  0.70036102E-14  0.00000000E+00   21.780000
   6.617 -0.75542638E-07  0.57066902E-14  0.00000000E+00   21.890139
   6.633 -0.68170081E-07  0.46471600E-14  0.00000000E+00   22.000556
   6.650 -0.61498711E-07  0.37820915E-14  0.00000000E+00   22.111250
   6.667 -0.55463696E-07  0.30762216E-14  0.00000000E+00   22.222222
   6.683 -0.50006015E-07  0.25006015E-14  0.00000000E+00   22.333472
   6.700 -0.45071951E-07  0.20314808E-14  0.00000000E+00   22.445000
   6.717 -0.40612639E-07  0.16493864E-14  0.00000000E+00   22.556806
   6.733 -0.36583633E-07  0.13383622E-14  0.00000000E+00   22.668889
   6.750 -0.32944527E-07  0.10853418E-14  0.00000000E+00   22.781250
   6.767 -0.29658595E-07  0.87963229E-15  0.00000000E+00   22.893889
   6.783 -0.26692472E-07  0.71248808E-15  0.00000000E+00   23.006806
   6.800 -0.24015851E-07  0.57676109E-15  0.00000000E+00   23.120000
   6.817 -0.21601214E-07  0.46661243E-15  0.00000000E+00   23.233472
   6.833 -0.19423584E-07  0.37727562E-15  0.00000000E+00   23.347222
   6.850 -0.17460299E-07  0.30486203E-15  0.00000000E+00   23.461250
   6.867 -0.15690801E-07  0.24620122E-15  0.00000000E+00   23.575556
   6.883 -0.14096448E-07  0.19870986E-15  0.00000000E+00   23.690139
   6.900 -0.12660345E-07  0.16028432E-15  0.00000000E+00   23.805000
   6.917 -0.11367176E-07  0.12921270E-15  0.00000000E+00   23.920139
   6.933 -0.10203072E-07  0.10410269E-15  0.00000000E+00   24.035556
   6.950 -0.91554707E-08  0.83822643E-16  0.00000000E+00   24.151250
   6.967 -0.82129989E-08  0.67453351E-16  0.00000000E+00   24.267222
   6.983 -0.73653650E-08  0.54248601E-16  0.00000000E+00   24.383472
   7.000 -0.66032576E-08  0.43603011E-16  0.00000000E+00   24.500000
   7.017 -0.59182555E-08  0.35025748E-16  0.00000000E+00   24.616806
   7.033 -0.53027447E-08  0.28119101E-16  0.00000000E+00   24.733889
   7.050 -0.47498435E-08  0.22561013E-16  0.00000000E+00   24.851250
   7.067 -0.42533342E-08  0.18090852E-16  0.00000000E+00   24.968889
   7.083 -0.38076005E-08  0.14497821E-16  0.00000000E+00   25.086806
   7.100 -0.34075711E-08  0.11611541E-16  0.00000000E+00   25.205000
   7.117 -0.30486686E-08  0.92943803E-17  0.00000000E+00   25.323472
   7.133 -0.27267623E-08  0.74352327E-17  0.00000000E+00   25.442222
   7.150 -0.24381261E-08  0.59444587E-17  0.00000000E+00   25.561250
   7.167 -0.21793996E-08  0.47497828E-17  0.00000000E+00   25.680556
   7.183 -0.19475539E-08  0.37929661E-17  0.00000000E+00   25.800139
   7.200 -0.17398588E-08  0.30271086E-17  0.00000000E+00   25.920000
   7.217 -0.15538550E-08  0.24144653E-17  0.00000000E+00   26.040139
   7.233 -0.13873274E-08  0.19246772E-17  0.00000000E+00   26.160556
   7.250 -0.12382817E-08  0.15333416E-17  0.00000000E+00   26.281250
   7.267 -0.11049230E-08  0.12208549E-17  0.00000000E+00   26.402222
   7.283 -0.98563630E-09  0.97147891E-18  0.00000000E+00   26.523472
   7.300 -0.87896886E-09  0.77258626E-18  0.00000000E+00   26.645000
   7.317 -0.78361450E-09  0.61405168E-18  0.00000000E+00   26.766806
   7.333 -0.69839905E-09  0.48776123E-18  0.00000000E+00   26.888889
   7.350 -0.62226741E-09  0.38721672E-18  0.00000000E+00   27.011250
   7.367 -0.55427175E-09  0.30721717E-18  0.00000000E+00   27.133889
   7.383 -0.49356089E-09  0.24360235E-18  0.00000000E+00   27.256806
   7.400 -0.43937068E-09  0.19304660E-18  0.00000000E+00   27.380000
   7.417 -0.39101533E-09  0.15289299E-18  0.00000000E+00   27.503472
   7.433 -0.34787955E-09  0.12102018E-18  0.00000000E+00   27.627222
   7.450 -0.30941151E-09  0.95735480E-19  0.00000000E+00   27.751250
   7.467 -0.27511641E-09  0.75689037E-19  0.00000000E+00   27.875556
   7.483 -0.24455077E-09  0.59805077E-19  0.00000000E+00   28.000139
   7.500 -0.21731720E-09  0.47226765E-19  0.00000000E+00   28.125000
   7.517 -0.19305975E-09  0.37272068E-19  0.00000000E+00   28.250139
   7.533 -0.17145967E-09  0.29398419E-19  0.00000000E+00   28.375556
   7.550 -0.15223162E-09  0.23174465E-19  0.00000000E+00   28.501250
   7.567 -0.13512024E-09  0.18257479E-19  0.00000000E+00   28.627222
   7.583 -0.11989709E-09  0.14375312E-19  0.00000000E+00   28.753472
   7.600 -0.10635786E-09  0.11311995E-19  0.00000000E+00   28.880000
   7.617 -0.94319897E-10  0.88962430E-20  0.00000000E+00   29.006806
   7.633 -0.83619935E-10  0.69922935E-20  0.00000000E+00   29.133889
   7.650 -0.74112105E-10  0.54926041E-20  0.00000000E+00   29.261250
   7.667 -0.65666114E-10  0.43120385E-20  0.00000000E+00   29.388889
   7.683 -0.58165620E-10  0.33832394E-20  0.00000000E+00   29.516806
   7.700 -0.51506770E-10  0.26529473E-20  0.00000000E+00   29.645000
   7.717 -0.45596888E-10  0.20790762E-20  0.00000000E+00   29.773472
   7.733 -0.40353300E-10  0.16283888E-20  0.00000000E+00   29.902222
   7.750 -0.35702276E-10  0.12746525E-20  0.00000000E+00   30.031250
   7.767 -0.31578084E-10  0.99717540E-21  0.00000000E+00   30.160556
   7.783 -0.27922140E-10  0.77964590E-21  0.00000000E+00   30.290139
   7.800 -0.24682247E-10  0.60921334E-21  0.00000000E+00   30.420000
   7.817 -0.21811916E-10  0.47575967E-21  0.00000000E+00   30.550139
   7.833 -0.19269749E-10  0.37132323E-21  0.00000000E+00   30.680556
   7.850 -0.17018899E-10  0.28964293E-21  0.00000000E+00   30.811250
   7.867 -0.15026577E-10  0.22579802E-21  0.00000000E+00   30.942222
   7.883 -0.13263614E-10  0.17592347E-21  0.00000000E+00   31.073472
   7.900 -0.11704071E-10  0.13698528E-21  0.00000000E+00   31.205000
   7.917 -0.10324887E-10  0.10660328E-21  0.00000000E+00   31.336806
   7.933 -0.91055657E-11  0.82911327E-22  0.00000000E+00   31.468889
   7.950 -0.80278990E-11  0.64447162E-22  0.00000000E+00   31.601250
   7.967 -0.70757131E-11  0.50065716E-22  0.00000000E+00   31.733889
   7.983 -0.62346477E-11  0.38870832E-22  0.00000000E+00   31.866806
   8.000 -0.54919556E-11  0.30161577E-22  0.00000000E+00   32.000000
   8.017 -0.48363259E-11  0.23390048E-22  0.00000000E+00   32.133472
   8.033 -0.42577244E-11  0.18128217E-22  0.00000000E+00   32.267222
   8.050 -0.37472531E-11  0.14041906E-22  0.00000000E+00   32.401250
   8.067 -0.32970233E-11  0.10870362E-22  0.00000000E+00   32.535556
   8.083 -0.29000436E-11  0.84102530E-23  0.00000000E+00   32.670139
   8.100 -0.25501199E-11  0.65031117E-23  0.00000000E+00   32.805000
   8.117 -0.22417660E-11  0.50255146E-23  0.00000000E+00   32.940139
   8.133 -0.19701239E-11  0.38813882E-23  0.00000000E+00   33.075556
   8.150 -0.17308939E-11  0.29959937E-23  0.00000000E+00   33.211250
   8.167 -0.15202710E-11  0.23112239E-23  0.00000000E+00   33.347222
   8.183 -0.13348893E-11  0.17819295E-23  0.00000000E+00   33.483472
   8.200 -0.11717722E-11  0.13730502E-23  0.00000000E+00   33.620000
   8.217 -0.10282883E-11  0.10573768E-23  0.00000000E+00   33.756806
   8.233 -0.90211172E-12  0.81380555E-24  0.00000000E+00   33.893889
   8.250 -0.79118772E-12  0.62597801E-24  0.00000000E+00   34.031250
   8.267 -0.69370137E-12  0.48122159E-24  0.00000000E+00   34.168889
   8.283 -0.60805014E-12  0.36972498E-24  0.00000000E+00   34.306806
   8.300 -0.53281947E-12  0.28389659E-24  0.00000000E+00   34.445000
   8.317 -0.46676109E-12  0.21786592E-24  0.00000000E+00   34.583472
   8.333 -0.40877385E-12  0.16709606E-24  0.00000000E+00   34.722222
   8.350 -0.35788663E-12  0.12808284E-24  0.00000000E+00   34.861250
   8.367 -0.31324330E-12  0.98121363E-25  0.00000000E+00   35.000556
   8.383 -0.27408929E-12  0.75124937E-25  0.00000000E+00   35.140139
   8.400 -0.23975977E-12  0.57484749E-25  0.00000000E+00   35.280000
   8.417 -0.20966918E-12  0.43961163E-25  0.00000000E+00   35.420139
   8.433 -0.18330187E-12  0.33599574E-25  0.00000000E+00   35.560556
   8.450 -0.16020395E-12  0.25665307E-25  0.00000000E+00   35.701250
   8.467 -0.13997602E-12  0.19593287E-25  0.00000000E+00   35.842222
   8.483 -0.12226669E-12  0.14949144E-25  0.00000000E+00   35.983472
   8.500 -0.10676694E-12  0.11399180E-25  0.00000000E+00   36.125000
   8.517 -0.93205077E-13  0.86871863E-26  0.00000000E+00   36.266806
   8.533 -0.81342309E-13  0.66165712E-26  0.00000000E+00   36.408889
   8.550 -0.70968823E-13  0.50365739E-26  0.00000000E+00   36.551250
   8.567 -0.61900323E-13  0.38316500E-26  0.00000000E+00   36.693889
   8.583 -0.53974974E-13  0.29132979E-26  0.00000000E+00   36.836806
   8.600 -0.47050714E-13  0.22137697E-26  0.00000000E+00   36.980000
   8.617 -0.41002870E-13  0.16812353E-26  0.00000000E+00   37.123472
   8.633 -0.35722067E-13  0.12760661E-26  0.00000000E+00   37.267222
   8.650 -0.31112378E-13  0.96798005E-27  0.00000000E+00   37.411250
   8.667 -0.27089697E-13  0.73385171E-27  0.00000000E+00   37.555556
   8.683 -0.23580307E-13  0.55603086E-27  0.00000000E+00   37.700139
   8.700 -0.20519610E-13  0.42105441E-27  0.00000000E+00   37.845000
   8.717 -0.17851025E-13  0.31865909E-27  0.00000000E+00   37.990139
   8.733 -0.15525000E-13  0.24102562E-27  0.00000000E+00   38.135556
   8.750 -0.13498157E-13  0.18220024E-27  0.00000000E+00   38.281250
   8.767 -0.11732533E-13  0.13765234E-27  0.00000000E+00   38.427222
   8.783 -0.10194914E-13  0.10393628E-27  0.00000000E+00   38.573472
   8.800 -0.88562494E-14  0.78433154E-28  0.00000000E+00   38.720000
   8.817 -0.76911380E-14  0.59153604E-28  0.00000000E+00   38.866806
   8.833 -0.66773769E-14  0.44587362E-28  0.00000000E+00   39.013889
   8.850 -0.57955641E-14  0.33588563E-28  0.00000000E+00   39.161250
   8.867 -0.50287506E-14  0.25288333E-28  0.00000000E+00   39.308889
   8.883 -0.43621346E-14  0.19028218E-28  0.00000000E+00   39.456806
   8.900 -0.37827933E-14  0.14309525E-28  0.00000000E+00   39.605000
   8.917 -0.32794483E-14  0.10754781E-28  0.00000000E+00   39.753472
   8.933 -0.28422586E-14  0.80784340E-29  0.00000000E+00   39.902222
   8.950 -0.24626407E-14  0.60645991E-29  0.00000000E+00   40.051250
   8.967 -0.21331096E-14  0.45501566E-29  0.00000000E+00   40.200556
   8.983 -0.18471407E-14  0.34119289E-29  0.00000000E+00   40.350139
   9.000 -0.15990480E-14  0.25569545E-29  0.00000000E+00   40.500000
   9.017 -0.13838778E-14  0.19151177E-29  0.00000000E+00   40.650139
   9.033 -0.11973158E-14  0.14335652E-29  0.00000000E+00   40.800556
   9.050 -0.10356058E-14  0.10724793E-29  0.00000000E+00   40.951250
   9.067 -0.89547811E-15  0.80188105E-30  0.00000000E+00   41.102222
   9.083 -0.77408791E-15  0.59921209E-30  0.00000000E+00   41.253472
   9.100 -0.66896038E-15  0.44750800E-30  0.00000000E+00   41.405000
   9.117 -0.57794345E-15  0.33401863E-30  0.00000000E+00   41.556806
   9.133 -0.49916615E-15  0.24916685E-30  0.00000000E+00   41.708889
   9.150 -0.43100249E-15  0.18576314E-30  0.00000000E+00   41.861250
   9.167 -0.37203971E-15  0.13841355E-30  0.00000000E+00   42.013889
   9.183 -0.32105077E-15  0.10307360E-30  0.00000000E+00   42.166806
   9.200 -0.27697019E-15  0.76712487E-31  0.00000000E+00   42.320000
   9.217 -0.23887311E-15  0.57060364E-31  0.00000000E+00   42.473472
   9.233 -0.20595694E-15  0.42418262E-31  0.00000000E+00   42.627222
   9.250 -0.17752542E-15  0.31515275E-31  0.00000000E+00   42.781250
   9.267 -0.15297470E-15  0.23401260E-31  0.00000000E+00   42.935556
   9.283 -0.13178126E-15  0.17366300E-31  0.00000000E+00   43.090139
   9.300 -0.11349132E-15  0.12880279E-31  0.00000000E+00   43.245000
   9.317 -0.97711705E-16  0.95475773E-32  0.00000000E+00   43.400139
   9.333 -0.84101842E-16  0.70731198E-32  0.00000000E+00   43.555556
   9.350 -0.72366799E-16  0.52369536E-32  0.00000000E+00   43.711250
   9.367 -0.62251258E-16  0.38752192E-32  0.00000000E+00   43.867222
   9.383 -0.53534257E-16  0.28659167E-32  0.00000000E+00   44.023472
   9.400 -0.46024624E-16  0.21182660E-32  0.00000000E+00   44.180000
   9.417 -0.39557008E-16  0.15647569E-32  0.00000000E+00   44.336806
   9.433 -0.33988440E-16  0.11552141E-32  0.00000000E+00   44.493889
   9.450 -0.29195334E-16  0.85236755E-33  0.00000000E+00   44.651250
   9.467 -0.25070896E-16  0.62854983E-33  0.00000000E+00   44.808889
   9.483 -0.21522866E-16  0.46323375E-33  0.00000000E+00   44.966806
   9.500 -0.18471566E-16  0.34119875E-33  0.00000000E+00   45.125000
   9.517 -0.15848204E-16  0.25116558E-33  0.00000000E+00   45.283472
   9.533 -0.13593405E-16  0.18478066E-33  0.00000000E+00   45.442222
   9.550 -0.11655934E-16  0.13586081E-33  0.00000000E+00   45.601250
   9.567 -0.99915972E-17  0.99832014E-34  0.00000000E+00   45.760556
   9.583 -0.85622807E-17  0.73312650E-34  0.00000000E+00   45.920139
   9.600 -0.73351267E-17  0.53804084E-34  0.00000000E+00   46.080000
   9.617 -0.62818152E-17  0.39461202E-34  0.00000000E+00   46.240139
   9.633 -0.53779436E-17  0.28922277E-34  0.00000000E+00   46.400556
   9.650 -0.46024906E-17  0.21182920E-34  0.00000000E+00   46.561250
   9.667 -0.39373519E-17  0.15502740E-34  0.00000000E+00   46.722222
   9.683 -0.33669387E-17  0.11336276E-34  0.00000000E+00   46.883472
   9.700 -0.28778305E-17  0.82819086E-35  0.00000000E+00   47.045000
   9.717 -0.24584758E-17  0.60441032E-35  0.00000000E+00   47.206806
   9.733 -0.20989319E-17  0.44055150E-35  0.00000000E+00   47.368889
   9.750 -0.17906414E-17  0.32063967E-35  0.00000000E+00   47.531250
   9.767 -0.15262385E-17  0.23294038E-35  0.00000000E+00   47.693889
   9.783 -0.12993811E-17  0.16883912E-35  0.00000000E+00   47.856806
   9.800 -0.11046066E-17  0.12201558E-35  0.00000000E+00   48.020000
   9.817 -0.93720650E-18  0.87835603E-36  0.00000000E+00   48.183472
   9.833 -0.79311760E-18  0.62903552E-36  0.00000000E+00   48.347222
   9.850 -0.66882840E-18  0.44733143E-36  0.00000000E+00   48.511250
   9.867 -0.56129726E-18  0.31505461E-36  0.00000000E+00   48.675556
   9.883 -0.46788129E-18  0.21891291E-36  0.00000000E+00   48.840139
   9.900 -0.38627423E-18  0.14920778E-36  0.00000000E+00   49.005000
   9.917 -0.31445185E-18  0.98879964E-37  0.00000000E+00   49.170139
   9.933 -0.25062370E-18  0.62812237E-37  0.00000000E+00   49.335556
   9.950 -0.19319012E-18  0.37322422E-37  0.00000000E+00   49.501250
   9.967 -0.14070345E-18  0.19797461E-37  0.00000000E+00   49.667222
   9.983 -0.91832560E-19  0.84332191E-38  0.00000000E+00   49.833472
  10.000 -0.45329861E-19  0.20547963E-38  0.00000000E+00   50.000000


