#   x         y(x)            y(x)^2      classical p(x)    V
 -10.000  0.39707877E-19  0.15767155E-38  0.00000000E+00   50.000000
  -9.986  0.80170197E-19  0.64272605E-38  0.00000000E+00   49.857245
  -9.971  0.12215144E-18  0.14920974E-37  0.00000000E+00   49.714694
  -9.957  0.16644005E-18  0.27702291E-37  0.00000000E+00   49.572347
  -9.943  0.21386304E-18  0.45737402E-37  0.00000000E+00   49.430204
  -9.929  0.26530113E-18  0.70384689E-37  0.00000000E+00   49.288265
  -9.914  0.32170466E-18  0.10349389E-36  0.00000000E+00   49.146531
  -9.900  0.38411070E-18  0.14754103E-36  0.00000000E+00   49.005000
  -9.886  0.45366144E-18  0.20580870E-36  0.00000000E+00   48.863673
  -9.871  0.53162435E-18  0.28262445E-36  0.00000000E+00   48.722551
  -9.857  0.61941440E-18  0.38367420E-36  0.00000000E+00   48.581633
  -9.843  0.71861870E-18  0.51641284E-36  0.00000000E+00   48.440918
  -9.829  0.83102396E-18  0.69060083E-36  0.00000000E+00   48.300408
  -9.814  0.95864728E-18  0.91900461E-36  0.00000000E+00   48.160102
  -9.800  0.11037707E-17  0.12183098E-35  0.00000000E+00   48.020000
  -9.786  0.12689802E-17  0.16103106E-35  0.00000000E+00   47.880102
  -9.771  0.14572094E-17  0.21234593E-35  0.00000000E+00   47.740408
  -9.757  0.16717897E-17  0.27948808E-35  0.00000000E+00   47.600918
  -9.743  0.19165059E-17  0.36729947E-35  0.00000000E+00   47.461633
  -9.729  0.21956599E-17  0.48209225E-35  0.00000000E+00   47.322551
  -9.714  0.25141430E-17  0.63209151E-35  0.00000000E+00   47.183673
  -9.700  0.28775170E-17  0.82801039E-35  0.00000000E+00   47.045000
  -9.686  0.32921066E-17  0.10837966E-34  0.00000000E+00   46.906531
  -9.671  0.37651044E-17  0.14176011E-34  0.00000000E+00   46.768265
  -9.657  0.43046891E-17  0.18530349E-34  0.00000000E+00   46.630204
  -9.643  0.49201603E-17  0.24207977E-34  0.00000000E+00   46.492347
  -9.629  0.56220902E-17  0.31607898E-34  0.00000000E+00   46.354694
  -9.614  0.64224966E-17  0.41248463E-34  0.00000000E+00   46.217245
  -9.600  0.73350382E-17  0.53802785E-34  0.00000000E+00   46.080000
  -9.586  0.83752355E-17  0.70144570E-34  0.00000000E+00   45.942959
  -9.571  0.95607220E-17  0.91407405E-34  0.00000000E+00   45.806122
  -9.557  0.10911527E-16  0.11906143E-33  0.00000000E+00   45.669490
  -9.543  0.12450399E-16  0.15501243E-33  0.00000000E+00   45.533061
  -9.529  0.14203164E-16  0.20172987E-33  0.00000000E+00   45.396837
  -9.514  0.16199144E-16  0.26241225E-33  0.00000000E+00   45.260816
  -9.500  0.18471614E-16  0.34120054E-33  0.00000000E+00   45.125000
  -9.486  0.21058337E-16  0.44345354E-33  0.00000000E+00   44.989388
  -9.471  0.24002149E-16  0.57610315E-33  0.00000000E+00   44.853980
  -9.457  0.27351639E-16  0.74811217E-33  0.00000000E+00   44.718776
  -9.443  0.31161907E-16  0.97106443E-33  0.00000000E+00   44.583776
  -9.429  0.35495419E-16  0.12599247E-32  0.00000000E+00   44.448980
  -9.414  0.40422982E-16  0.16340174E-32  0.00000000E+00   44.314388
  -9.400  0.46024837E-16  0.21182856E-32  0.00000000E+00   44.180000
  -9.386  0.52391896E-16  0.27449108E-32  0.00000000E+00   44.045816
  -9.371  0.59627141E-16  0.35553960E-32  0.00000000E+00   43.911837
  -9.357  0.67847198E-16  0.46032422E-32  0.00000000E+00   43.778061
  -9.343  0.77184114E-16  0.59573875E-32  0.00000000E+00   43.644490
  -9.329  0.87787371E-16  0.77066225E-32  0.00000000E+00   43.511122
  -9.314  0.99826141E-16  0.99652584E-32  0.00000000E+00   43.377959
  -9.300  0.11349184E-15  0.12880399E-31  0.00000000E+00   43.245000
  -9.286  0.12900102E-15  0.16641264E-31  0.00000000E+00   43.112245
  -9.271  0.14659859E-15  0.21491147E-31  0.00000000E+00   42.979694
  -9.257  0.16656148E-15  0.27742727E-31  0.00000000E+00   42.847347
  -9.243  0.18920276E-15  0.35797686E-31  0.00000000E+00   42.715204
  -9.229  0.21487630E-15  0.46171822E-31  0.00000000E+00   42.583265
  -9.214  0.24398193E-15  0.59527181E-31  0.00000000E+00   42.451531
  -9.200  0.27697140E-15  0.76713155E-31  0.00000000E+00   42.320000
  -9.186  0.31435494E-15  0.98819027E-31  0.00000000E+00   42.188673
  -9.171  0.35670874E-15  0.12724112E-30  0.00000000E+00   42.057551
  -9.157  0.40468331E-15  0.16376858E-30  0.00000000E+00   41.926633
  -9.143  0.45901293E-15  0.21069287E-30  0.00000000E+00   41.795918
  -9.129  0.52052622E-15  0.27094755E-30  0.00000000E+00   41.665408
  -9.114  0.59015808E-15  0.34828656E-30  0.00000000E+00   41.535102
  -9.100  0.66896308E-15  0.44751161E-30  0.00000000E+00   41.405000
  -9.086  0.75813052E-15  0.57476189E-30  0.00000000E+00   41.275102
  -9.071  0.85900133E-15  0.73788329E-30  0.00000000E+00   41.145408
  -9.057  0.97308708E-15  0.94689847E-30  0.00000000E+00   41.015918
  -9.043  0.11020913E-14  0.12146053E-29  0.00000000E+00   40.886633
  -9.029  0.12479335E-14  0.15573381E-29  0.00000000E+00   40.757551
  -9.014  0.14127760E-14  0.19959359E-29  0.00000000E+00   40.628673
  -9.000  0.15990540E-14  0.25569736E-29  0.00000000E+00   40.500000
  -8.986  0.18095096E-14  0.32743251E-29  0.00000000E+00   40.371531
  -8.971  0.20472300E-14  0.41911505E-29  0.00000000E+00   40.243265
  -8.957  0.23156893E-14  0.53624171E-29  0.00000000E+00   40.115204
  -8.943  0.26187973E-14  0.68580994E-29  0.00000000E+00   39.987347
  -8.929  0.29609522E-14  0.87672379E-29  0.00000000E+00   39.859694
  -8.914  0.33471009E-14  0.11203085E-28  0.00000000E+00   39.732245
  -8.900  0.37828063E-14  0.14309624E-28  0.00000000E+00   39.605000
  -8.886  0.42743225E-14  0.18269833E-28  0.00000000E+00   39.477959
  -8.871  0.48286791E-14  0.23316142E-28  0.00000000E+00   39.351122
  -8.857  0.54537754E-14  0.29743666E-28  0.00000000E+00   39.224490
  -8.843  0.61584866E-14  0.37926958E-28  0.00000000E+00   39.098061
  -8.829  0.69527816E-14  0.48341172E-28  0.00000000E+00   38.971837
  -8.814  0.78478555E-14  0.61588836E-28  0.00000000E+00   38.845816
  -8.800  0.88562774E-14  0.78433650E-28  0.00000000E+00   38.720000
  -8.786  0.99921565E-14  0.99843192E-28  0.00000000E+00   38.594388
  -8.771  0.11271326E-13  0.12704280E-27  0.00000000E+00   38.468980
  -8.757  0.12711553E-13  0.16158357E-27  0.00000000E+00   38.343776
  -8.743  0.14332763E-13  0.20542811E-27  0.00000000E+00   38.218776
  -8.729  0.16157308E-13  0.26105861E-27  0.00000000E+00   38.093980
  -8.714  0.18210247E-13  0.33161309E-27  0.00000000E+00   37.969388
  -8.700  0.20519670E-13  0.42105686E-27  0.00000000E+00   37.845000
  -8.686  0.23117061E-13  0.53439853E-27  0.00000000E+00   37.720816
  -8.671  0.26037698E-13  0.67796170E-27  0.00000000E+00   37.596837
  -8.657  0.29321097E-13  0.85972674E-27  0.00000000E+00   37.473061
  -8.643  0.33011521E-13  0.10897605E-26  0.00000000E+00   37.349490
  -8.629  0.37158528E-13  0.13807562E-26  0.00000000E+00   37.226122
  -8.614  0.41817602E-13  0.17487118E-26  0.00000000E+00   37.102959
  -8.600  0.47050840E-13  0.22137815E-26  0.00000000E+00   36.980000
  -8.586  0.52927729E-13  0.28013445E-26  0.00000000E+00   36.857245
  -8.571  0.59526006E-13  0.35433454E-26  0.00000000E+00   36.734694
  -8.557  0.66932621E-13  0.44799757E-26  0.00000000E+00   36.612347
  -8.543  0.75244801E-13  0.56617800E-26  0.00000000E+00   36.490204
  -8.529  0.84571247E-13  0.71522958E-26  0.00000000E+00   36.368265
  -8.514  0.95033457E-13  0.90313579E-26  0.00000000E+00   36.246531
  -8.500  0.10676720E-12  0.11399236E-25  0.00000000E+00   36.125000
  -8.486  0.11992417E-12  0.14381807E-25  0.00000000E+00   36.003673
  -8.471  0.13467380E-12  0.18137032E-25  0.00000000E+00   35.882551
  -8.457  0.15120529E-12  0.22863041E-25  0.00000000E+00   35.761633
  -8.443  0.16972991E-12  0.28808241E-25  0.00000000E+00   35.640918
  -8.429  0.19048344E-12  0.36283941E-25  0.00000000E+00   35.520408
  -8.414  0.21372904E-12  0.45680103E-25  0.00000000E+00   35.400102
  -8.400  0.23976031E-12  0.57485007E-25  0.00000000E+00   35.280000
  -8.386  0.26890476E-12  0.72309770E-25  0.00000000E+00   35.160102
  -8.371  0.30152762E-12  0.90918907E-25  0.00000000E+00   35.040408
  -8.357  0.33803613E-12  0.11426843E-24  0.00000000E+00   34.920918
  -8.343  0.37888423E-12  0.14355326E-24  0.00000000E+00   34.801633
  -8.329  0.42457784E-12  0.18026634E-24  0.00000000E+00   34.682551
  -8.314  0.47568064E-12  0.22627207E-24  0.00000000E+00   34.563673
  -8.300  0.53282056E-12  0.28389775E-24  0.00000000E+00   34.445000
  -8.286  0.59669694E-12  0.35604724E-24  0.00000000E+00   34.326531
  -8.271  0.66808845E-12  0.44634218E-24  0.00000000E+00   34.208265
  -8.257  0.74786193E-12  0.55929746E-24  0.00000000E+00   34.090204
  -8.243  0.83698211E-12  0.70053905E-24  0.00000000E+00   33.972347
  -8.229  0.93652246E-12  0.87707433E-24  0.00000000E+00   33.854694
  -8.214  0.10476772E-11  0.10976275E-23  0.00000000E+00   33.737245
  -8.200  0.11717744E-11  0.13730553E-23  0.00000000E+00   33.620000
  -8.186  0.13102911E-11  0.17168627E-23  0.00000000E+00   33.502959
  -8.171  0.14648689E-11  0.21458409E-23  0.00000000E+00   33.386122
  -8.157  0.16373327E-11  0.26808584E-23  0.00000000E+00   33.269490
  -8.143  0.18297102E-11  0.33478393E-23  0.00000000E+00   33.153061
  -8.129  0.20442539E-11  0.41789740E-23  0.00000000E+00   33.036837
  -8.114  0.22834659E-11  0.52142163E-23  0.00000000E+00   32.920816
  -8.100  0.25501243E-11  0.65031339E-23  0.00000000E+00   32.805000
  -8.086  0.28473136E-11  0.81071946E-23  0.00000000E+00   32.689388
  -8.071  0.31784571E-11  0.10102590E-22  0.00000000E+00   32.573980
  -8.057  0.35473538E-11  0.12583719E-22  0.00000000E+00   32.458776
  -8.043  0.39582182E-11  0.15667491E-22  0.00000000E+00   32.343776
  -8.029  0.44157249E-11  0.19498627E-22  0.00000000E+00   32.228980
  -8.014  0.49250579E-11  0.24256195E-22  0.00000000E+00   32.114388
  -8.000  0.54919641E-11  0.30161670E-22  0.00000000E+00   32.000000
  -7.986  0.61228139E-11  0.37488850E-22  0.00000000E+00   31.885816
  -7.971  0.68246663E-11  0.46576070E-22  0.00000000E+00   31.771837
  -7.957  0.76053422E-11  0.57841230E-22  0.00000000E+00   31.658061
  -7.943  0.84735044E-11  0.71800277E-22  0.00000000E+00   31.544490
  -7.929  0.94387461E-11  0.89089929E-22  0.00000000E+00   31.431122
  -7.914  0.10511688E-10  0.11049559E-21  0.00000000E+00   31.317959
  -7.900  0.11704088E-10  0.13698567E-21  0.00000000E+00   31.205000
  -7.886  0.13028954E-10  0.16975364E-21  0.00000000E+00   31.092245
  -7.871  0.14500681E-10  0.21026976E-21  0.00000000E+00   30.979694
  -7.857  0.16135191E-10  0.26034440E-21  0.00000000E+00   30.867347
  -7.843  0.17950092E-10  0.32220581E-21  0.00000000E+00   30.755204
  -7.829  0.19964851E-10  0.39859527E-21  0.00000000E+00   30.643265
  -7.814  0.22200986E-10  0.49288379E-21  0.00000000E+00   30.531531
  -7.800  0.24682279E-10  0.60921489E-21  0.00000000E+00   30.420000
  -7.786  0.27435003E-10  0.75267940E-21  0.00000000E+00   30.308673
  -7.771  0.30488182E-10  0.92952926E-21  0.00000000E+00   30.197551
  -7.757  0.33873868E-10  0.11474389E-20  0.00000000E+00   30.086633
  -7.743  0.37627448E-10  0.14158248E-20  0.00000000E+00   29.975918
  -7.729  0.41787985E-10  0.17462357E-20  0.00000000E+00   29.865408
  -7.714  0.46398591E-10  0.21528292E-20  0.00000000E+00   29.755102
  -7.700  0.51506829E-10  0.26529535E-20  0.00000000E+00   29.645000
  -7.686  0.57165168E-10  0.32678565E-20  0.00000000E+00   29.535102
  -7.671  0.63431471E-10  0.40235516E-20  0.00000000E+00   29.425408
  -7.657  0.70369537E-10  0.49518718E-20  0.00000000E+00   29.315918
  -7.643  0.78049692E-10  0.60917545E-20  0.00000000E+00   29.206633
  -7.629  0.86549441E-10  0.74908057E-20  0.00000000E+00   29.097551
  -7.614  0.95954179E-10  0.92072044E-20  0.00000000E+00   28.988673
  -7.600  0.10635797E-09  0.11312018E-19  0.00000000E+00   28.880000
  -7.586  0.11786442E-09  0.13892022E-19  0.00000000E+00   28.771531
  -7.571  0.13058759E-09  0.17053118E-19  0.00000000E+00   28.663265
  -7.557  0.14465303E-09  0.20924500E-19  0.00000000E+00   28.555204
  -7.543  0.16019894E-09  0.25663702E-19  0.00000000E+00   28.447347
  -7.529  0.17737736E-09  0.31462728E-19  0.00000000E+00   28.339694
  -7.514  0.19635554E-09  0.38555496E-19  0.00000000E+00   28.232245
  -7.500  0.21731740E-09  0.47226854E-19  0.00000000E+00   28.125000
  -7.486  0.24046520E-09  0.57823514E-19  0.00000000E+00   28.017959
  -7.471  0.26602125E-09  0.70767306E-19  0.00000000E+00   27.911122
  -7.457  0.29422987E-09  0.86571217E-19  0.00000000E+00   27.804490
  -7.443  0.32535951E-09  0.10585881E-18  0.00000000E+00   27.698061
  -7.429  0.35970506E-09  0.12938773E-18  0.00000000E+00   27.591837
  -7.414  0.39759038E-09  0.15807811E-18  0.00000000E+00   27.485816
  -7.400  0.43937105E-09  0.19304692E-18  0.00000000E+00   27.380000
  -7.386  0.48543741E-09  0.23564948E-18  0.00000000E+00   27.274388
  -7.371  0.53621785E-09  0.28752958E-18  0.00000000E+00   27.168980
  -7.357  0.59218238E-09  0.35067997E-18  0.00000000E+00   27.063776
  -7.343  0.65384659E-09  0.42751536E-18  0.00000000E+00   26.958776
  -7.329  0.72177592E-09  0.52096049E-18  0.00000000E+00   26.853980
  -7.314  0.79659037E-09  0.63455622E-18  0.00000000E+00   26.749388
  -7.300  0.87896952E-09  0.77258742E-18  0.00000000E+00   26.645000
  -7.286  0.96965818E-09  0.94023699E-18  0.00000000E+00   26.540816
  -7.271  0.10694724E-08  0.11437712E-17  0.00000000E+00   26.436837
  -7.257  0.11793061E-08  0.13907628E-17  0.00000000E+00   26.333061
  -7.243  0.13001381E-08  0.16903592E-17  0.00000000E+00   26.229490
  -7.229  0.14330405E-08  0.20536051E-17  0.00000000E+00   26.126122
  -7.214  0.15791864E-08  0.24938298E-17  0.00000000E+00   26.022959
  -7.200  0.17398600E-08  0.30271127E-17  0.00000000E+00   25.920000
  -7.186  0.19164660E-08  0.36728418E-17  0.00000000E+00   25.817245
  -7.171  0.21105412E-08  0.44543841E-17  0.00000000E+00   25.714694
  -7.157  0.23237662E-08  0.53998894E-17  0.00000000E+00   25.612347
  -7.143  0.25579785E-08  0.65432541E-17  0.00000000E+00   25.510204
  -7.129  0.28151866E-08  0.79252757E-17  0.00000000E+00   25.408265
  -7.114  0.30975854E-08  0.95950356E-17  0.00000000E+00   25.306531
  -7.100  0.34075732E-08  0.11611555E-16  0.00000000E+00   25.205000
  -7.086  0.37477693E-08  0.14045775E-16  0.00000000E+00   25.103673
  -7.071  0.41210344E-08  0.16982925E-16  0.00000000E+00   25.002551
  -7.057  0.45304919E-08  0.20525357E-16  0.00000000E+00   24.901633
  -7.043  0.49795507E-08  0.24795925E-16  0.00000000E+00   24.800918
  -7.029  0.54719312E-08  0.29942031E-16  0.00000000E+00   24.700408
  -7.014  0.60116923E-08  0.36140444E-16  0.00000000E+00   24.600102
  -7.000  0.66032611E-08  0.43603057E-16  0.00000000E+00   24.500000
  -6.986  0.72514656E-08  0.52583754E-16  0.00000000E+00   24.400102
  -6.971  0.79615693E-08  0.63386586E-16  0.00000000E+00   24.300408
  -6.957  0.87393093E-08  0.76375527E-16  0.00000000E+00   24.200918
  -6.943  0.95909374E-08  0.91986080E-16  0.00000000E+00   24.101633
  -6.929  0.10523265E-07  0.11073910E-15  0.00000000E+00   24.002551
  -6.914  0.11543710E-07  0.13325723E-15  0.00000000E+00   23.903673
  -6.900  0.12660351E-07  0.16028448E-15  0.00000000E+00   23.805000
  -6.886  0.13881982E-07  0.19270943E-15  0.00000000E+00   23.706531
  -6.871  0.15218177E-07  0.23159290E-15  0.00000000E+00   23.608265
  -6.857  0.16679350E-07  0.27820071E-15  0.00000000E+00   23.510204
  -6.843  0.18276833E-07  0.33404263E-15  0.00000000E+00   23.412347
  -6.829  0.20022951E-07  0.40091856E-15  0.00000000E+00   23.314694
  -6.814  0.21931104E-07  0.48097332E-15  0.00000000E+00   23.217245
  -6.800  0.24015861E-07  0.57676157E-15  0.00000000E+00   23.120000
  -6.786  0.26293055E-07  0.69132473E-15  0.00000000E+00   23.022959
  -6.771  0.28779890E-07  0.82828208E-15  0.00000000E+00   22.926122
  -6.757  0.31495056E-07  0.99193856E-15  0.00000000E+00   22.829490
  -6.743  0.34458850E-07  0.11874123E-14  0.00000000E+00   22.733061
  -6.729  0.37693311E-07  0.14207857E-14  0.00000000E+00   22.636837
  -6.714  0.41222362E-07  0.16992831E-14  0.00000000E+00   22.540816
  -6.700  0.45071968E-07  0.20314823E-14  0.00000000E+00   22.445000
  -6.686  0.49270298E-07  0.24275623E-14  0.00000000E+00   22.349388
  -6.671  0.53847911E-07  0.28995975E-14  0.00000000E+00   22.253980
  -6.657  0.58837945E-07  0.34619037E-14  0.00000000E+00   22.158776
  -6.643  0.64276329E-07  0.41314465E-14  0.00000000E+00   22.063776
  -6.629  0.70202011E-07  0.49283223E-14  0.00000000E+00   21.968980
  -6.614  0.76657193E-07  0.58763252E-14  0.00000000E+00   21.874388
  -6.600  0.83687602E-07  0.70036147E-14  0.00000000E+00   21.780000
  -6.586  0.91342765E-07  0.83435007E-14  0.00000000E+00   21.685816
  -6.571  0.99676314E-07  0.99353676E-14  0.00000000E+00   21.591837
  -6.557  0.10874631E-06  0.11825761E-13  0.00000000E+00   21.498061
  -6.543  0.11861561E-06  0.14069663E-13  0.00000000E+00   21.404490
  -6.529  0.12935221E-06  0.16731993E-13  0.00000000E+00   21.311122
  -6.514  0.14102967E-06  0.19889369E-13  0.00000000E+00   21.217959
  -6.500  0.15372758E-06  0.23632169E-13  0.00000000E+00   21.125000
  -6.486  0.16753197E-06  0.28066960E-13  0.00000000E+00   21.032245
  -6.471  0.18253584E-06  0.33319333E-13  0.00000000E+00   20.939694
  -6.457  0.19883972E-06  0.39537235E-13  0.00000000E+00   20.847347
  -6.443  0.21655222E-06  0.46894866E-13  0.00000000E+00   20.755204
  -6.429  0.23579067E-06  0.55597241E-13  0.00000000E+00   20.663265
  -6.414  0.25668177E-06  0.65885532E-13  0.00000000E+00   20.571531
  -6.400  0.27936233E-06  0.78043310E-13  0.00000000E+00   20.480000
  -6.386  0.30398001E-06  0.92403846E-13  0.00000000E+00   20.388673
  -6.371  0.33069418E-06  0.10935864E-12  0.00000000E+00   20.297551
  -6.357  0.35967675E-06  0.12936737E-12  0.00000000E+00   20.206633
  -6.343  0.39111319E-06  0.15296953E-12  0.00000000E+00   20.115918
  -6.329  0.42520346E-06  0.18079798E-12  0.00000000E+00   20.025408
  -6.314  0.46216315E-06  0.21359478E-12  0.00000000E+00   19.935102
  -6.300  0.50222463E-06  0.25222958E-12  0.00000000E+00   19.845000
  -6.286  0.54563827E-06  0.29772113E-12  0.00000000E+00   19.755102
  -6.271  0.59267381E-06  0.35126225E-12  0.00000000E+00   19.665408
  -6.257  0.64362175E-06  0.41424895E-12  0.00000000E+00   19.575918
  -6.243  0.69879486E-06  0.48831426E-12  0.00000000E+00   19.486633
  -6.229  0.75852986E-06  0.57536755E-12  0.00000000E+00   19.397551
  -6.214  0.82318909E-06  0.67764028E-12  0.00000000E+00   19.308673
  -6.200  0.89316243E-06  0.79773912E-12  0.00000000E+00   19.220000
  -6.186  0.96886922E-06  0.93870756E-12  0.00000000E+00   19.131531
  -6.171  0.10507604E-05  0.11040975E-11  0.00000000E+00   19.043265
  -6.157  0.11393209E-05  0.12980520E-11  0.00000000E+00   18.955204
  -6.143  0.12350717E-05  0.15254020E-11  0.00000000E+00   18.867347
  -6.129  0.13385728E-05  0.17917771E-11  0.00000000E+00   18.779694
  -6.114  0.14504258E-05  0.21037349E-11  0.00000000E+00   18.692245
  -6.100  0.15712767E-05  0.24689104E-11  0.00000000E+00   18.605000
  -6.086  0.17018193E-05  0.28961888E-11  0.00000000E+00   18.517959
  -6.071  0.18427981E-05  0.33959050E-11  0.00000000E+00   18.431122
  -6.057  0.19950125E-05  0.39800749E-11  0.00000000E+00   18.344490
  -6.043  0.21593198E-05  0.46626620E-11  0.00000000E+00   18.258061
  -6.029  0.23366397E-05  0.54598852E-11  0.00000000E+00   18.171837
  -6.014  0.25279585E-05  0.63905744E-11  0.00000000E+00   18.085816
  -6.000  0.27343336E-05  0.74765803E-11  0.00000000E+00   18.000000
  -5.986  0.29568982E-05  0.87432472E-11  0.00000000E+00   17.914388
  -5.971  0.31968668E-05  0.10219957E-10  0.00000000E+00   17.828980
  -5.957  0.34555400E-05  0.11940757E-10  0.00000000E+00   17.743776
  -5.943  0.37343113E-05  0.13945081E-10  0.00000000E+00   17.658776
  -5.929  0.40346723E-05  0.16278580E-10  0.00000000E+00   17.573980
  -5.914  0.43582196E-05  0.18994078E-10  0.00000000E+00   17.489388
  -5.900  0.47066622E-05  0.22152669E-10  0.00000000E+00   17.405000
  -5.886  0.50818280E-05  0.25824976E-10  0.00000000E+00   17.320816
  -5.871  0.54856725E-05  0.30092603E-10  0.00000000E+00   17.236837
  -5.857  0.59202865E-05  0.35049793E-10  0.00000000E+00   17.153061
  -5.843  0.63879052E-05  0.40805332E-10  0.00000000E+00   17.069490
  -5.829  0.68909173E-05  0.47484741E-10  0.00000000E+00   16.986122
  -5.814  0.74318752E-05  0.55232769E-10  0.00000000E+00   16.902959
  -5.800  0.80135053E-05  0.64216268E-10  0.00000000E+00   16.820000
  -5.786  0.86387192E-05  0.74627469E-10  0.00000000E+00   16.737245
  -5.771  0.93106251E-05  0.86687739E-10  0.00000000E+00   16.654694
  -5.757  0.10032541E-04  0.10065187E-09  0.00000000E+00   16.572347
  -5.743  0.10808006E-04  0.11681300E-09  0.00000000E+00   16.490204
  -5.729  0.11640798E-04  0.13550818E-09  0.00000000E+00   16.408265
  -5.714  0.12534944E-04  0.15712481E-09  0.00000000E+00   16.326531
  -5.700  0.13494737E-04  0.18210793E-09  0.00000000E+00   16.245000
  -5.686  0.14524756E-04  0.21096854E-09  0.00000000E+00   16.163673
  -5.671  0.15629878E-04  0.24429307E-09  0.00000000E+00   16.082551
  -5.657  0.16815298E-04  0.28275426E-09  0.00000000E+00   16.001633
  -5.643  0.18086552E-04  0.32712338E-09  0.00000000E+00   15.920918
  -5.629  0.19449533E-04  0.37828432E-09  0.00000000E+00   15.840408
  -5.614  0.20910512E-04  0.43724951E-09  0.00000000E+00   15.760102
  -5.600  0.22476165E-04  0.50517801E-09  0.00000000E+00   15.680000
  -5.586  0.24153595E-04  0.58339616E-09  0.00000000E+00   15.600102
  -5.571  0.25950355E-04  0.67342093E-09  0.00000000E+00   15.520408
  -5.557  0.27874477E-04  0.77698647E-09  0.00000000E+00   15.440918
  -5.543  0.29934499E-04  0.89607426E-09  0.00000000E+00   15.361633
  -5.529  0.32139496E-04  0.10329472E-08  0.00000000E+00   15.282551
  -5.514  0.34499109E-04  0.11901885E-08  0.00000000E+00   15.203673
  -5.500  0.37023577E-04  0.13707452E-08  0.00000000E+00   15.125000
  -5.486  0.39723773E-04  0.15779782E-08  0.00000000E+00   15.046531
  -5.471  0.42611242E-04  0.18157179E-08  0.00000000E+00   14.968265
  -5.457  0.45698232E-04  0.20883284E-08  0.00000000E+00   14.890204
  -5.443  0.48997743E-04  0.24007788E-08  0.00000000E+00   14.812347
  -5.429  0.52523559E-04  0.27587243E-08  0.00000000E+00   14.734694
  -5.414  0.56290300E-04  0.31685979E-08  0.00000000E+00   14.657245
  -5.400  0.60313463E-04  0.36377138E-08  0.00000000E+00   14.580000
  -5.386  0.64609472E-04  0.41743839E-08  0.00000000E+00   14.502959
  -5.371  0.69195728E-04  0.47880488E-08  0.00000000E+00   14.426122
  -5.357  0.74090663E-04  0.54894263E-08  0.00000000E+00   14.349490
  -5.343  0.79313793E-04  0.62906778E-08  0.00000000E+00   14.273061
  -5.329  0.84885780E-04  0.72055956E-08  0.00000000E+00   14.196837
  -5.314  0.90828489E-04  0.82498143E-08  0.00000000E+00   14.120816
  -5.300  0.97165052E-04  0.94410474E-08  0.00000000E+00   14.045000
  -5.286  0.10391994E-03  0.10799354E-07  0.00000000E+00   13.969388
  -5.271  0.11111902E-03  0.12347437E-07  0.00000000E+00   13.893980
  -5.257  0.11878965E-03  0.14110981E-07  0.00000000E+00   13.818776
  -5.243  0.12696073E-03  0.16119026E-07  0.00000000E+00   13.743776
  -5.229  0.13566278E-03  0.18404391E-07  0.00000000E+00   13.668980
  -5.214  0.14492808E-03  0.21004147E-07  0.00000000E+00   13.594388
  -5.200  0.15479065E-03  0.23960145E-07  0.00000000E+00   13.520000
  -5.186  0.16528645E-03  0.27319612E-07  0.00000000E+00   13.445816
  -5.171  0.17645341E-03  0.31135807E-07  0.00000000E+00   13.371837
  -5.157  0.18833154E-03  0.35468770E-07  0.00000000E+00   13.298061
  -5.143  0.20096304E-03  0.40386143E-07  0.00000000E+00   13.224490
  -5.129  0.21439239E-03  0.45964099E-07  0.00000000E+00   13.151122
  -5.114  0.22866650E-03  0.52288369E-07  0.00000000E+00   13.077959
  -5.100  0.24383477E-03  0.59455396E-07  0.00000000E+00   13.005000
  -5.086  0.25994925E-03  0.67573612E-07  0.00000000E+00   12.932245
  -5.071  0.27706475E-03  0.76764874E-07  0.00000000E+00   12.859694
  -5.057  0.29523896E-03  0.87166044E-07  0.00000000E+00   12.787347
  -5.043  0.31453262E-03  0.98930768E-07  0.00000000E+00   12.715204
  -5.029  0.33500960E-03  0.11223144E-06  0.00000000E+00   12.643265
  -5.014  0.35673712E-03  0.12726137E-06  0.00000000E+00   12.571531
  -5.000  0.37978581E-03  0.14423726E-06  0.00000000E+00   12.500000
  -4.986  0.40422994E-03  0.16340185E-06  0.00000000E+00   12.428673
  -4.971  0.43014757E-03  0.18502693E-06  0.00000000E+00   12.357551
  -4.957  0.45762066E-03  0.20941667E-06  0.00000000E+00   12.286633
  -4.943  0.48673531E-03  0.23691126E-06  0.00000000E+00   12.215918
  -4.929  0.51758190E-03  0.26789102E-06  0.00000000E+00   12.145408
  -4.914  0.55025529E-03  0.30278089E-06  0.00000000E+00   12.075102
  -4.900  0.58485500E-03  0.34205538E-06  0.00000000E+00   12.005000
  -4.886  0.62148542E-03  0.38624413E-06  0.00000000E+00   11.935102
  -4.871  0.66025599E-03  0.43593797E-06  0.00000000E+00   11.865408
  -4.857  0.70128143E-03  0.49179564E-06  0.00000000E+00   11.795918
  -4.843  0.74468194E-03  0.55455120E-06  0.00000000E+00   11.726633
  -4.829  0.79058345E-03  0.62502220E-06  0.00000000E+00   11.657551
  -4.814  0.83911781E-03  0.70411871E-06  0.00000000E+00   11.588673
  -4.800  0.89042306E-03  0.79285322E-06  0.00000000E+00   11.520000
  -4.786  0.94464363E-03  0.89235158E-06  0.00000000E+00   11.451531
  -4.771  0.10019306E-02  0.10038650E-05  0.00000000E+00   11.383265
  -4.757  0.10624421E-02  0.11287832E-05  0.00000000E+00   11.315204
  -4.743  0.11263433E-02  0.12686492E-05  0.00000000E+00   11.247347
  -4.729  0.11938068E-02  0.14251746E-05  0.00000000E+00   11.179694
  -4.714  0.12650130E-02  0.16002580E-05  0.00000000E+00   11.112245
  -4.700  0.13401504E-02  0.17960031E-05  0.00000000E+00   11.045000
  -4.686  0.14194156E-02  0.20147407E-05  0.00000000E+00   10.977959
  -4.671  0.15030140E-02  0.22590510E-05  0.00000000E+00   10.911122
  -4.657  0.15911596E-02  0.25317889E-05  0.00000000E+00   10.844490
  -4.643  0.16840759E-02  0.28361118E-05  0.00000000E+00   10.778061
  -4.629  0.17819959E-02  0.31755093E-05  0.00000000E+00   10.711837
  -4.614  0.18851622E-02  0.35538363E-05  0.00000000E+00   10.645816
  -4.600  0.19938277E-02  0.39753488E-05  0.00000000E+00   10.580000
  -4.586  0.21082559E-02  0.44447428E-05  0.00000000E+00   10.514388
  -4.571  0.22287210E-02  0.49671971E-05  0.00000000E+00   10.448980
  -4.557  0.23555084E-02  0.55484196E-05  0.00000000E+00   10.383776
  -4.543  0.24889150E-02  0.61946981E-05  0.00000000E+00   10.318776
  -4.529  0.26292498E-02  0.69129546E-05  0.00000000E+00   10.253980
  -4.514  0.27768338E-02  0.77108058E-05  0.00000000E+00   10.189388
  -4.500  0.29320006E-02  0.85966274E-05  0.00000000E+00   10.125000
  -4.486  0.30950969E-02  0.95796245E-05  0.00000000E+00   10.060816
  -4.471  0.32664826E-02  0.10669908E-04  0.00000000E+00    9.996837
  -4.457  0.34465315E-02  0.11878579E-04  0.00000000E+00    9.933061
  -4.443  0.36356312E-02  0.13217814E-04  0.00000000E+00    9.869490
  -4.429  0.38341841E-02  0.14700968E-04  0.00000000E+00    9.806122
  -4.414  0.40426072E-02  0.16342673E-04  0.00000000E+00    9.742959
  -4.400  0.42613327E-02  0.18158956E-04  0.00000000E+00    9.680000
  -4.386  0.44908085E-02  0.20167361E-04  0.00000000E+00    9.617245
  -4.371  0.47314985E-02  0.22387079E-04  0.00000000E+00    9.554694
  -4.357  0.49838829E-02  0.24839089E-04  0.00000000E+00    9.492347
  -4.343  0.52484586E-02  0.27546318E-04  0.00000000E+00    9.430204
  -4.329  0.55257396E-02  0.30533798E-04  0.00000000E+00    9.368265
  -4.314  0.58162573E-02  0.33828849E-04  0.00000000E+00    9.306531
  -4.300  0.61205612E-02  0.37461269E-04  0.00000000E+00    9.245000
  -4.286  0.64392187E-02  0.41463538E-04  0.00000000E+00    9.183673
  -4.271  0.67728159E-02  0.45871036E-04  0.00000000E+00    9.122551
  -4.257  0.71219578E-02  0.50722283E-04  0.00000000E+00    9.061633
  -4.243  0.74872686E-02  0.56059191E-04  0.00000000E+00    9.000918
  -4.229  0.78693919E-02  0.61927329E-04  0.00000000E+00    8.940408
  -4.214  0.82689916E-02  0.68376221E-04  0.00000000E+00    8.880102
  -4.200  0.86867513E-02  0.75459647E-04  0.00000000E+00    8.820000
  -4.186  0.91233754E-02  0.83235978E-04  0.00000000E+00    8.760102
  -4.171  0.95795889E-02  0.91768524E-04  0.00000000E+00    8.700408
  -4.157  0.10056138E-01  0.10112591E-03  0.00000000E+00    8.640918
  -4.143  0.10553790E-01  0.11138248E-03  0.00000000E+00    8.581633
  -4.129  0.11073334E-01  0.12261872E-03  0.00000000E+00    8.522551
  -4.114  0.11615580E-01  0.13492170E-03  0.00000000E+00    8.463673
  -4.100  0.12181361E-01  0.14838556E-03  0.00000000E+00    8.405000
  -4.086  0.12771532E-01  0.16311202E-03  0.00000000E+00    8.346531
  -4.071  0.13386969E-01  0.17921093E-03  0.00000000E+00    8.288265
  -4.057  0.14028571E-01  0.19680079E-03  0.00000000E+00    8.230204
  -4.043  0.14697259E-01  0.21600943E-03  0.00000000E+00    8.172347
  -4.029  0.15393979E-01  0.23697458E-03  0.00000000E+00    8.114694
  -4.014  0.16119696E-01  0.25984458E-03  0.00000000E+00    8.057245
  -4.000  0.16875398E-01  0.28477907E-03  0.00000000E+00    8.000000
  -3.986  0.17662099E-01  0.31194973E-03  0.00000000E+00    7.942959
  -3.971  0.18480830E-01  0.34154109E-03  0.00000000E+00    7.886122
  -3.957  0.19332649E-01  0.37375132E-03  0.00000000E+00    7.829490
  -3.943  0.20218633E-01  0.40879312E-03  0.00000000E+00    7.773061
  -3.929  0.21139882E-01  0.44689463E-03  0.00000000E+00    7.716837
  -3.914  0.22097519E-01  0.48830033E-03  0.00000000E+00    7.660816
  -3.900  0.23092685E-01  0.53327208E-03  0.00000000E+00    7.605000
  -3.886  0.24126544E-01  0.58209014E-03  0.00000000E+00    7.549388
  -3.871  0.25200282E-01  0.63505423E-03  0.00000000E+00    7.493980
  -3.857  0.26315103E-01  0.69248466E-03  0.00000000E+00    7.438776
  -3.843  0.27472232E-01  0.75472352E-03  0.00000000E+00    7.383776
  -3.829  0.28672911E-01  0.82213584E-03  0.00000000E+00    7.328980
  -3.814  0.29918403E-01  0.89511087E-03  0.00000000E+00    7.274388
  -3.800  0.31209989E-01  0.97406338E-03  0.00000000E+00    7.220000
  -3.786  0.32548963E-01  0.10594350E-02  0.00000000E+00    7.165816
  -3.771  0.33936640E-01  0.11516956E-02  0.00000000E+00    7.111837
  -3.757  0.35374349E-01  0.12513446E-02  0.00000000E+00    7.058061
  -3.743  0.36863432E-01  0.13589126E-02  0.00000000E+00    7.004490
  -3.729  0.38405245E-01  0.14749629E-02  0.00000000E+00    6.951122
  -3.714  0.40001158E-01  0.16000926E-02  0.00000000E+00    6.897959
  -3.700  0.41652550E-01  0.17349349E-02  0.00000000E+00    6.845000
  -3.686  0.43360811E-01  0.18801600E-02  0.00000000E+00    6.792245
  -3.671  0.45127341E-01  0.20364769E-02  0.00000000E+00    6.739694
  -3.657  0.46953543E-01  0.22046352E-02  0.00000000E+00    6.687347
  -3.643  0.48840830E-01  0.23854267E-02  0.00000000E+00    6.635204
  -3.629  0.50790618E-01  0.25796869E-02  0.00000000E+00    6.583265
  -3.614  0.52804325E-01  0.27882968E-02  0.00000000E+00    6.531531
  -3.600  0.54883370E-01  0.30121843E-02  0.00000000E+00    6.480000
  -3.586  0.57029171E-01  0.32523263E-02  0.00000000E+00    6.428673
  -3.571  0.59243142E-01  0.35097499E-02  0.00000000E+00    6.377551
  -3.557  0.61526695E-01  0.37855342E-02  0.00000000E+00    6.326633
  -3.543  0.63881232E-01  0.40808117E-02  0.00000000E+00    6.275918
  -3.529  0.66308147E-01  0.43967703E-02  0.00000000E+00    6.225408
  -3.514  0.68808823E-01  0.47346541E-02  0.00000000E+00    6.175102
  -3.500  0.71384628E-01  0.50957651E-02  0.00000000E+00    6.125000
  -3.486  0.74036916E-01  0.54814649E-02  0.00000000E+00    6.075102
  -3.471  0.76767019E-01  0.58931752E-02  0.00000000E+00    6.025408
  -3.457  0.79576249E-01  0.63323795E-02  0.00000000E+00    5.975918
  -3.443  0.82465896E-01  0.68006240E-02  0.00000000E+00    5.926633
  -3.429  0.85437220E-01  0.72995185E-02  0.00000000E+00    5.877551
  -3.414  0.88491451E-01  0.78307370E-02  0.00000000E+00    5.828673
  -3.400  0.91629789E-01  0.83960183E-02  0.00000000E+00    5.780000
  -3.386  0.94853395E-01  0.89971666E-02  0.00000000E+00    5.731531
  -3.371  0.98163394E-01  0.96360518E-02  0.00000000E+00    5.683265
  -3.357  0.10156086E+00  0.10314609E-01  0.00000000E+00    5.635204
  -3.343  0.10504684E+00  0.11034839E-01  0.00000000E+00    5.587347
  -3.329  0.10862231E+00  0.11798807E-01  0.00000000E+00    5.539694
  -3.314  0.11228821E+00  0.12608642E-01  0.00000000E+00    5.492245
  -3.300  0.11604541E+00  0.13466538E-01  0.00000000E+00    5.445000
  -3.286  0.11989473E+00  0.14374747E-01  0.00000000E+00    5.397959
  -3.271  0.12383693E+00  0.15335585E-01  0.00000000E+00    5.351122
  -3.257  0.12787268E+00  0.16351423E-01  0.00000000E+00    5.304490
  -3.243  0.13200262E+00  0.17424691E-01  0.00000000E+00    5.258061
  -3.229  0.13622726E+00  0.18557867E-01  0.00000000E+00    5.211837
  -3.214  0.14054709E+00  0.19753483E-01  0.00000000E+00    5.165816
  -3.200  0.14496246E+00  0.21014116E-01  0.00000000E+00    5.120000
  -3.186  0.14947368E+00  0.22342382E-01  0.00000000E+00    5.074388
  -3.171  0.15408095E+00  0.23740940E-01  0.00000000E+00    5.028980
  -3.157  0.15878437E+00  0.25212476E-01  0.00000000E+00    4.983776
  -3.143  0.16358394E+00  0.26759706E-01  0.00000000E+00    4.938776
  -3.129  0.16847957E+00  0.28385365E-01  0.00000000E+00    4.893980
  -3.114  0.17347105E+00  0.30092204E-01  0.00000000E+00    4.849388
  -3.100  0.17855806E+00  0.31882981E-01  0.00000000E+00    4.805000
  -3.086  0.18374017E+00  0.33760450E-01  0.00000000E+00    4.760816
  -3.071  0.18901683E+00  0.35727361E-01  0.00000000E+00    4.716837
  -3.057  0.19438735E+00  0.37786443E-01  0.00000000E+00    4.673061
  -3.043  0.19985094E+00  0.39940398E-01  0.00000000E+00    4.629490
  -3.029  0.20540665E+00  0.42191892E-01  0.00000000E+00    4.586122
  -3.014  0.21105341E+00  0.44543541E-01  0.00000000E+00    4.542959
  -3.000  0.21679000E+00  0.46997904E-01  0.00000000E+00    4.500000
  -2.986  0.22261506E+00  0.49557467E-01  0.00000000E+00    4.457245
  -2.971  0.22852709E+00  0.52224633E-01  0.00000000E+00    4.414694
  -2.957  0.23452443E+00  0.55001709E-01  0.00000000E+00    4.372347
  -2.943  0.24060526E+00  0.57890891E-01  0.00000000E+00    4.330204
  -2.929  0.24676761E+00  0.60894251E-01  0.00000000E+00    4.288265
  -2.914  0.25300933E+00  0.64013722E-01  0.00000000E+00    4.246531
  -2.900  0.25932814E+00  0.67251084E-01  0.00000000E+00    4.205000
  -2.886  0.26572155E+00  0.70607945E-01  0.00000000E+00    4.163673
  -2.871  0.27218694E+00  0.74085728E-01  0.00000000E+00    4.122551
  -2.857  0.27872147E+00  0.77685656E-01  0.00000000E+00    4.081633
  -2.843  0.28532215E+00  0.81408729E-01  0.00000000E+00    4.040918
  -2.829  0.29198581E+00  0.85255715E-01  0.00000000E+00    4.000408
  -2.814  0.29870910E+00  0.89227125E-01  0.00000000E+00    3.960102
  -2.800  0.30548846E+00  0.93323202E-01  0.00000000E+00    3.920000
  -2.786  0.31232018E+00  0.97543898E-01  0.00000000E+00    3.880102
  -2.771  0.31920034E+00  0.10188886E+00  0.00000000E+00    3.840408
  -2.757  0.32612484E+00  0.10635741E+00  0.00000000E+00    3.800918
  -2.743  0.33308937E+00  0.11094853E+00  0.00000000E+00    3.761633
  -2.729  0.34008946E+00  0.11566084E+00  0.00000000E+00    3.722551
  -2.714  0.34712042E+00  0.12049259E+00  0.00000000E+00    3.683673
  -2.700  0.35417739E+00  0.12544163E+00  0.00000000E+00    3.645000
  -2.686  0.36125531E+00  0.13050540E+00  0.00000000E+00    3.606531
  -2.671  0.36834892E+00  0.13568093E+00  0.00000000E+00    3.568265
  -2.657  0.37545278E+00  0.14096479E+00  0.00000000E+00    3.530204
  -2.643  0.38256125E+00  0.14635311E+00  0.25297757E+01    3.492347
  -2.629  0.38966850E+00  0.15184154E+00  0.10397308E+01    3.454694
  -2.614  0.39676854E+00  0.15742528E+00  0.76931103E+00    3.417245
  -2.600  0.40385516E+00  0.16309899E+00  0.63886444E+00    3.380000
  -2.586  0.41092199E+00  0.16885688E+00  0.55846127E+00    3.342959
  -2.571  0.41796246E+00  0.17469262E+00  0.50261514E+00    3.306122
  -2.557  0.42496984E+00  0.18059937E+00  0.46095046E+00    3.269490
  -2.543  0.43193722E+00  0.18656977E+00  0.42834480E+00    3.233061
  -2.529  0.43885753E+00  0.19259593E+00  0.40193983E+00    3.196837
  -2.514  0.44572352E+00  0.19866946E+00  0.37999848E+00    3.160816
  -2.500  0.45252779E+00  0.20478140E+00  0.36139629E+00    3.125000
  -2.486  0.45926279E+00  0.21092231E+00  0.34536902E+00    3.089388
  -2.471  0.46592080E+00  0.21708219E+00  0.33137669E+00    3.053980
  -2.457  0.47249398E+00  0.22325056E+00  0.31902555E+00    3.018776
  -2.443  0.47897434E+00  0.22941642E+00  0.30802078E+00    2.983776
  -2.429  0.48535377E+00  0.23556828E+00  0.29813673E+00    2.948980
  -2.414  0.49162403E+00  0.24169419E+00  0.28919731E+00    2.914388
  -2.400  0.49777678E+00  0.24778172E+00  0.28106287E+00    2.880000
  -2.386  0.50380354E+00  0.25381801E+00  0.27362103E+00    2.845816
  -2.371  0.50969578E+00  0.25978979E+00  0.26678019E+00    2.811837
  -2.357  0.51544484E+00  0.26568339E+00  0.26046486E+00    2.778061
  -2.343  0.52104202E+00  0.27148478E+00  0.25461217E+00    2.744490
  -2.329  0.52647851E+00  0.27717962E+00  0.24916930E+00    2.711122
  -2.314  0.53174548E+00  0.28275326E+00  0.24409149E+00    2.677959
  -2.300  0.53683403E+00  0.28819078E+00  0.23934054E+00    2.645000
  -2.286  0.54173524E+00  0.29347707E+00  0.23488362E+00    2.612245
  -2.271  0.54644014E+00  0.29859683E+00  0.23069234E+00    2.579694
  -2.257  0.55093979E+00  0.30353465E+00  0.22674198E+00    2.547347
  -2.243  0.55522521E+00  0.30827503E+00  0.22301096E+00    2.515204
  -2.229  0.55928745E+00  0.31280245E+00  0.21948028E+00    2.483265
  -2.214  0.56311760E+00  0.31710143E+00  0.21613318E+00    2.451531
  -2.200  0.56670677E+00  0.32115656E+00  0.21295481E+00    2.420000
  -2.186  0.57004613E+00  0.32495259E+00  0.20993192E+00    2.388673
  -2.171  0.57312692E+00  0.32847447E+00  0.20705271E+00    2.357551
  -2.157  0.57594047E+00  0.33170742E+00  0.20430657E+00    2.326633
  -2.143  0.57847819E+00  0.33463702E+00  0.20168396E+00    2.295918
  -2.129  0.58073163E+00  0.33724923E+00  0.19917628E+00    2.265408
  -2.114  0.58269244E+00  0.33953048E+00  0.19677575E+00    2.235102
  -2.100  0.58435242E+00  0.34146776E+00  0.19447529E+00    2.205000
  -2.086  0.58570355E+00  0.34304865E+00  0.19226849E+00    2.175102
  -2.071  0.58673796E+00  0.34426144E+00  0.19014946E+00    2.145408
  -2.057  0.58744799E+00  0.34509514E+00  0.18811285E+00    2.115918
  -2.043  0.58782616E+00  0.34553960E+00  0.18615375E+00    2.086633
  -2.029  0.58786525E+00  0.34558555E+00  0.18426765E+00    2.057551
  -2.014  0.58755825E+00  0.34522470E+00  0.18245039E+00    2.028673
  -2.000  0.58689842E+00  0.34444976E+00  0.18069814E+00    2.000000
  -1.986  0.58587929E+00  0.34325454E+00  0.17900739E+00    1.971531
  -1.971  0.58449467E+00  0.34163402E+00  0.17737484E+00    1.943265
  -1.957  0.58273869E+00  0.33958438E+00  0.17579748E+00    1.915204
  -1.943  0.58060580E+00  0.33710309E+00  0.17427250E+00    1.887347
  -1.929  0.57809076E+00  0.33418892E+00  0.17279727E+00    1.859694
  -1.914  0.57518871E+00  0.33084205E+00  0.17136936E+00    1.832245
  -1.900  0.57189515E+00  0.32706407E+00  0.16998652E+00    1.805000
  -1.886  0.56820597E+00  0.32285803E+00  0.16864660E+00    1.777959
  -1.871  0.56411745E+00  0.31822850E+00  0.16734765E+00    1.751122
  -1.857  0.55962628E+00  0.31318158E+00  0.16608780E+00    1.724490
  -1.843  0.55472959E+00  0.30772492E+00  0.16486532E+00    1.698061
  -1.829  0.54942494E+00  0.30186776E+00  0.16367857E+00    1.671837
  -1.814  0.54371035E+00  0.29562095E+00  0.16252604E+00    1.645816
  -1.800  0.53758432E+00  0.28899690E+00  0.16140627E+00    1.620000
  -1.786  0.53104582E+00  0.28200966E+00  0.16031791E+00    1.594388
  -1.771  0.52409431E+00  0.27467484E+00  0.15925970E+00    1.568980
  -1.757  0.51672977E+00  0.26700965E+00  0.15823042E+00    1.543776
  -1.743  0.50895268E+00  0.25903283E+00  0.15722894E+00    1.518776
  -1.729  0.50076407E+00  0.25076465E+00  0.15625418E+00    1.493980
  -1.714  0.49216548E+00  0.24222686E+00  0.15530514E+00    1.469388
  -1.700  0.48315903E+00  0.23344265E+00  0.15438084E+00    1.445000
  -1.686  0.47374736E+00  0.22443656E+00  0.15348039E+00    1.420816
  -1.671  0.46393369E+00  0.21523447E+00  0.15260291E+00    1.396837
  -1.657  0.45372181E+00  0.20586348E+00  0.15174760E+00    1.373061
  -1.643  0.44311609E+00  0.19635187E+00  0.15091367E+00    1.349490
  -1.629  0.43212147E+00  0.18672897E+00  0.15010038E+00    1.326122
  -1.614  0.42074348E+00  0.17702508E+00  0.14930703E+00    1.302959
  -1.600  0.40898824E+00  0.16727138E+00  0.14853296E+00    1.280000
  -1.586  0.39686245E+00  0.15749980E+00  0.14777753E+00    1.257245
  -1.571  0.38437341E+00  0.14774292E+00  0.14704013E+00    1.234694
  -1.557  0.37152904E+00  0.13803382E+00  0.14632018E+00    1.212347
  -1.543  0.35833779E+00  0.12840598E+00  0.14561715E+00    1.190204
  -1.529  0.34480877E+00  0.11889309E+00  0.14493049E+00    1.168265
  -1.514  0.33095163E+00  0.10952898E+00  0.14425971E+00    1.146531
  -1.500  0.31677663E+00  0.10034743E+00  0.14360432E+00    1.125000
  -1.486  0.30229460E+00  0.91382024E-01  0.14296388E+00    1.103673
  -1.471  0.28751694E+00  0.82665991E-01  0.14233794E+00    1.082551
  -1.457  0.27245563E+00  0.74232071E-01  0.14172607E+00    1.061633
  -1.443  0.25712321E+00  0.66112344E-01  0.14112789E+00    1.040918
  -1.429  0.24153275E+00  0.58338070E-01  0.14054300E+00    1.020408
  -1.414  0.22569789E+00  0.50939537E-01  0.13997104E+00    1.000102
  -1.400  0.20963278E+00  0.43945901E-01  0.13941164E+00    0.980000
  -1.386  0.19335208E+00  0.37385028E-01  0.13886448E+00    0.960102
  -1.371  0.17687098E+00  0.31283345E-01  0.13832923E+00    0.940408
  -1.357  0.16020514E+00  0.25665687E-01  0.13780557E+00    0.920918
  -1.343  0.14337069E+00  0.20555154E-01  0.13729321E+00    0.901633
  -1.329  0.12638422E+00  0.15972972E-01  0.13679185E+00    0.882551
  -1.314  0.10926277E+00  0.11938352E-01  0.13630121E+00    0.863673
  -1.300  0.92023774E-01  0.84683750E-02  0.13582104E+00    0.845000
  -1.286  0.74685088E-01  0.55778624E-02  0.13535108E+00    0.826531
  -1.271  0.57264935E-01  0.32792727E-02  0.13489107E+00    0.808265
  -1.257  0.39781894E-01  0.15825991E-02  0.13444078E+00    0.790204
  -1.243  0.22254878E-01  0.49527961E-03  0.13399999E+00    0.772347
  -1.229  0.47031097E-02  0.22119240E-04  0.13356846E+00    0.754694
  -1.214 -0.12853908E-01  0.16522294E-03  0.13314600E+00    0.737245
  -1.200 -0.30396411E-01  0.92394179E-03  0.13273239E+00    0.720000
  -1.186 -0.47904407E-01  0.22948322E-02  0.13232744E+00    0.702959
  -1.171 -0.65357698E-01  0.42716286E-02  0.13193096E+00    0.686122
  -1.157 -0.82735912E-01  0.68452311E-02  0.13154276E+00    0.669490
  -1.143 -0.10001853E+00  0.10003706E-01  0.13116267E+00    0.653061
  -1.129 -0.11718492E+00  0.13732305E-01  0.13079052E+00    0.636837
  -1.114 -0.13421436E+00  0.18013493E-01  0.13042614E+00    0.620816
  -1.100 -0.15108607E+00  0.22826999E-01  0.13006937E+00    0.605000
  -1.086 -0.16777925E+00  0.28149876E-01  0.12972006E+00    0.589388
  -1.071 -0.18427311E+00  0.33956579E-01  0.12937806E+00    0.573980
  -1.057 -0.20054690E+00  0.40219060E-01  0.12904323E+00    0.558776
  -1.043 -0.21657995E+00  0.46906874E-01  0.12871543E+00    0.543776
  -1.029 -0.23235167E+00  0.53987301E-01  0.12839452E+00    0.528980
  -1.014 -0.24784165E+00  0.61425484E-01  0.12808038E+00    0.514388
  -1.000 -0.26302962E+00  0.69184582E-01  0.12777288E+00    0.500000
  -0.986 -0.27789553E+00  0.77225928E-01  0.12747190E+00    0.485816
  -0.971 -0.29241958E+00  0.85509212E-01  0.12717732E+00    0.471837
  -0.957 -0.30658223E+00  0.93992663E-01  0.12688903E+00    0.458061
  -0.943 -0.32036425E+00  0.10263325E+00  0.12660692E+00    0.444490
  -0.929 -0.33374676E+00  0.11138690E+00  0.12633089E+00    0.431122
  -0.914 -0.34671125E+00  0.12020869E+00  0.12606082E+00    0.417959
  -0.900 -0.35923962E+00  0.12905311E+00  0.12579663E+00    0.405000
  -0.886 -0.37131422E+00  0.13787425E+00  0.12553821E+00    0.392245
  -0.871 -0.38291786E+00  0.14662609E+00  0.12528547E+00    0.379694
  -0.857 -0.39403387E+00  0.15526269E+00  0.12503833E+00    0.367347
  -0.843 -0.40464609E+00  0.16373846E+00  0.12479670E+00    0.355204
  -0.829 -0.41473897E+00  0.17200841E+00  0.12456048E+00    0.343265
  -0.814 -0.42429752E+00  0.18002838E+00  0.12432961E+00    0.331531
  -0.800 -0.43330740E+00  0.18775530E+00  0.12410399E+00    0.320000
  -0.786 -0.44175492E+00  0.19514741E+00  0.12388357E+00    0.308673
  -0.771 -0.44962708E+00  0.20216451E+00  0.12366825E+00    0.297551
  -0.757 -0.45691159E+00  0.20876820E+00  0.12345797E+00    0.286633
  -0.743 -0.46359688E+00  0.21492207E+00  0.12325266E+00    0.275918
  -0.729 -0.46967217E+00  0.22059195E+00  0.12305226E+00    0.265408
  -0.714 -0.47512744E+00  0.22574609E+00  0.12285669E+00    0.255102
  -0.700 -0.47995351E+00  0.23035537E+00  0.12266589E+00    0.245000
  -0.686 -0.48414199E+00  0.23439346E+00  0.12247981E+00    0.235102
  -0.671 -0.48768536E+00  0.23783701E+00  0.12229839E+00    0.225408
  -0.657 -0.49057699E+00  0.24066579E+00  0.12212156E+00    0.215918
  -0.643 -0.49281111E+00  0.24286279E+00  0.12194928E+00    0.206633
  -0.629 -0.49438285E+00  0.24441440E+00  0.12178148E+00    0.197551
  -0.614 -0.49528826E+00  0.24531046E+00  0.12161813E+00    0.188673
  -0.600 -0.49552435E+00  0.24554438E+00  0.12145916E+00    0.180000
  -0.586 -0.49508902E+00  0.24511314E+00  0.12130454E+00    0.171531
  -0.571 -0.49398117E+00  0.24401740E+00  0.12115420E+00    0.163265
  -0.557 -0.49220063E+00  0.24226146E+00  0.12100812E+00    0.155204
  -0.543 -0.48974821E+00  0.23985331E+00  0.12086624E+00    0.147347
  -0.529 -0.48662569E+00  0.23680456E+00  0.12072853E+00    0.139694
  -0.514 -0.48283581E+00  0.23313042E+00  0.12059494E+00    0.132245
  -0.500 -0.47838231E+00  0.22884963E+00  0.12046543E+00    0.125000
  -0.486 -0.47326989E+00  0.22398439E+00  0.12033997E+00    0.117959
  -0.471 -0.46750425E+00  0.21856022E+00  0.12021852E+00    0.111122
  -0.457 -0.46109202E+00  0.21260585E+00  0.12010105E+00    0.104490
  -0.443 -0.45404084E+00  0.20615308E+00  0.11998752E+00    0.098061
  -0.429 -0.44635928E+00  0.19923660E+00  0.11987790E+00    0.091837
  -0.414 -0.43805687E+00  0.19189382E+00  0.11977216E+00    0.085816
  -0.400 -0.42914409E+00  0.18416465E+00  0.11967027E+00    0.080000
  -0.386 -0.41963233E+00  0.17609130E+00  0.11957220E+00    0.074388
  -0.371 -0.40953392E+00  0.16771803E+00  0.11947792E+00    0.068980
  -0.357 -0.39886206E+00  0.15909094E+00  0.11938742E+00    0.063776
  -0.343 -0.38763085E+00  0.15025768E+00  0.11930065E+00    0.058776
  -0.329 -0.37585526E+00  0.14126718E+00  0.11921761E+00    0.053980
  -0.314 -0.36355108E+00  0.13216939E+00  0.11913826E+00    0.049388
  -0.300 -0.35073493E+00  0.12301499E+00  0.11906258E+00    0.045000
  -0.286 -0.33742424E+00  0.11385512E+00  0.11899056E+00    0.040816
  -0.271 -0.32363720E+00  0.10474104E+00  0.11892217E+00    0.036837
  -0.257 -0.30939275E+00  0.95723872E-01  0.11885740E+00    0.033061
  -0.243 -0.29471054E+00  0.86854300E-01  0.11879623E+00    0.029490
  -0.229 -0.27961091E+00  0.78182262E-01  0.11873864E+00    0.026122
  -0.214 -0.26411488E+00  0.69756669E-01  0.11868462E+00    0.022959
  -0.200 -0.24824406E+00  0.61625114E-01  0.11863414E+00    0.020000
  -0.186 -0.23202068E+00  0.53833597E-01  0.11858721E+00    0.017245
  -0.171 -0.21546752E+00  0.46426253E-01  0.11854380E+00    0.014694
  -0.157 -0.19860789E+00  0.39445092E-01  0.11850391E+00    0.012347
  -0.143 -0.18146556E+00  0.32929750E-01  0.11846752E+00    0.010204
  -0.129 -0.16406479E+00  0.26917255E-01  0.11843463E+00    0.008265
  -0.114 -0.14643023E+00  0.21441811E-01  0.11840522E+00    0.006531
  -0.100 -0.12858689E+00  0.16534589E-01  0.11837929E+00    0.005000
  -0.086 -0.11056015E+00  0.12223547E-01  0.11835683E+00    0.003673
  -0.071 -0.92375654E-01  0.85332614E-02  0.11833784E+00    0.002551
  -0.057 -0.74059305E-01  0.54847806E-02  0.11832230E+00    0.001633
  -0.043 -0.55637220E-01  0.30955003E-02  0.11831023E+00    0.000918
  -0.029 -0.37135685E-01  0.13790591E-02  0.11830160E+00    0.000408
  -0.014 -0.18581113E-01  0.34525775E-03  0.11829643E+00    0.000102
   0.000  0.00000000E+00  0.00000000E+00  0.11829470E+00    0.000000
   0.014  0.18581113E-01  0.34525775E-03  0.11829643E+00    0.000102
   0.029  0.37135685E-01  0.13790591E-02  0.11830160E+00    0.000408
   0.043  0.55637220E-01  0.30955003E-02  0.11831023E+00    0.000918
   0.057  0.74059305E-01  0.54847806E-02  0.11832230E+00    0.001633
   0.071  0.92375654E-01  0.85332614E-02  0.11833784E+00    0.002551
   0.086  0.11056015E+00  0.12223547E-01  0.11835683E+00    0.003673
   0.100  0.12858689E+00  0.16534589E-01  0.11837929E+00    0.005000
   0.114  0.14643023E+00  0.21441811E-01  0.11840522E+00    0.006531
   0.129  0.16406479E+00  0.26917255E-01  0.11843463E+00    0.008265
   0.143  0.18146556E+00  0.32929750E-01  0.11846752E+00    0.010204
   0.157  0.19860789E+00  0.39445092E-01  0.11850391E+00    0.012347
   0.171  0.21546752E+00  0.46426253E-01  0.11854380E+00    0.014694
   0.186  0.23202068E+00  0.53833597E-01  0.11858721E+00    0.017245
   0.200  0.24824406E+00  0.61625114E-01  0.11863414E+00    0.020000
   0.214  0.26411488E+00  0.69756669E-01  0.11868462E+00    0.022959
   0.229  0.27961091E+00  0.78182262E-01  0.11873864E+00    0.026122
   0.243  0.29471054E+00  0.86854300E-01  0.11879623E+00    0.029490
   0.257  0.30939275E+00  0.95723872E-01  0.11885740E+00    0.033061
   0.271  0.32363720E+00  0.10474104E+00  0.11892217E+00    0.036837
   0.286  0.33742424E+00  0.11385512E+00  0.11899056E+00    0.040816
   0.300  0.35073493E+00  0.12301499E+00  0.11906258E+00    0.045000
   0.314  0.36355108E+00  0.13216939E+00  0.11913826E+00    0.049388
   0.329  0.37585526E+00  0.14126718E+00  0.11921761E+00    0.053980
   0.343  0.38763085E+00  0.15025768E+00  0.11930065E+00    0.058776
   0.357  0.39886206E+00  0.15909094E+00  0.11938742E+00    0.063776
   0.371  0.40953392E+00  0.16771803E+00  0.11947792E+00    0.068980
   0.386  0.41963233E+00  0.17609130E+00  0.11957220E+00    0.074388
   0.400  0.42914409E+00  0.18416465E+00  0.11967027E+00    0.080000
   0.414  0.43805687E+00  0.19189382E+00  0.11977216E+00    0.085816
   0.429  0.44635928E+00  0.19923660E+00  0.11987790E+00    0.091837
   0.443  0.45404084E+00  0.20615308E+00  0.11998752E+00    0.098061
   0.457  0.46109202E+00  0.21260585E+00  0.12010105E+00    0.104490
   0.471  0.46750425E+00  0.21856022E+00  0.12021852E+00    0.111122
   0.486  0.47326989E+00  0.22398439E+00  0.12033997E+00    0.117959
   0.500  0.47838231E+00  0.22884963E+00  0.12046543E+00    0.125000
   0.514  0.48283581E+00  0.23313042E+00  0.12059494E+00    0.132245
   0.529  0.48662569E+00  0.23680456E+00  0.12072853E+00    0.139694
   0.543  0.48974821E+00  0.23985331E+00  0.12086624E+00    0.147347
   0.557  0.49220063E+00  0.24226146E+00  0.12100812E+00    0.155204
   0.571  0.49398117E+00  0.24401740E+00  0.12115420E+00    0.163265
   0.586  0.49508902E+00  0.24511314E+00  0.12130454E+00    0.171531
   0.600  0.49552435E+00  0.24554438E+00  0.12145916E+00    0.180000
   0.614  0.49528826E+00  0.24531046E+00  0.12161813E+00    0.188673
   0.629  0.49438285E+00  0.24441440E+00  0.12178148E+00    0.197551
   0.643  0.49281111E+00  0.24286279E+00  0.12194928E+00    0.206633
   0.657  0.49057699E+00  0.24066579E+00  0.12212156E+00    0.215918
   0.671  0.48768536E+00  0.23783701E+00  0.12229839E+00    0.225408
   0.686  0.48414199E+00  0.23439346E+00  0.12247981E+00    0.235102
   0.700  0.47995351E+00  0.23035537E+00  0.12266589E+00    0.245000
   0.714  0.47512744E+00  0.22574609E+00  0.12285669E+00    0.255102
   0.729  0.46967217E+00  0.22059195E+00  0.12305226E+00    0.265408
   0.743  0.46359688E+00  0.21492207E+00  0.12325266E+00    0.275918
   0.757  0.45691159E+00  0.20876820E+00  0.12345797E+00    0.286633
   0.771  0.44962708E+00  0.20216451E+00  0.12366825E+00    0.297551
   0.786  0.44175492E+00  0.19514741E+00  0.12388357E+00    0.308673
   0.800  0.43330740E+00  0.18775530E+00  0.12410399E+00    0.320000
   0.814  0.42429752E+00  0.18002838E+00  0.12432961E+00    0.331531
   0.829  0.41473897E+00  0.17200841E+00  0.12456048E+00    0.343265
   0.843  0.40464609E+00  0.16373846E+00  0.12479670E+00    0.355204
   0.857  0.39403387E+00  0.15526269E+00  0.12503833E+00    0.367347
   0.871  0.38291786E+00  0.14662609E+00  0.12528547E+00    0.379694
   0.886  0.37131422E+00  0.13787425E+00  0.12553821E+00    0.392245
   0.900  0.35923962E+00  0.12905311E+00  0.12579663E+00    0.405000
   0.914  0.34671125E+00  0.12020869E+00  0.12606082E+00    0.417959
   0.929  0.33374676E+00  0.11138690E+00  0.12633089E+00    0.431122
   0.943  0.32036425E+00  0.10263325E+00  0.12660692E+00    0.444490
   0.957  0.30658223E+00  0.93992663E-01  0.12688903E+00    0.458061
   0.971  0.29241958E+00  0.85509212E-01  0.12717732E+00    0.471837
   0.986  0.27789553E+00  0.77225928E-01  0.12747190E+00    0.485816
   1.000  0.26302962E+00  0.69184582E-01  0.12777288E+00    0.500000
   1.014  0.24784165E+00  0.61425484E-01  0.12808038E+00    0.514388
   1.029  0.23235167E+00  0.53987301E-01  0.12839452E+00    0.528980
   1.043  0.21657995E+00  0.46906874E-01  0.12871543E+00    0.543776
   1.057  0.20054690E+00  0.40219060E-01  0.12904323E+00    0.558776
   1.071  0.18427311E+00  0.33956579E-01  0.12937806E+00    0.573980
   1.086  0.16777925E+00  0.28149876E-01  0.12972006E+00    0.589388
   1.100  0.15108607E+00  0.22826999E-01  0.13006937E+00    0.605000
   1.114  0.13421436E+00  0.18013493E-01  0.13042614E+00    0.620816
   1.129  0.11718492E+00  0.13732305E-01  0.13079052E+00    0.636837
   1.143  0.10001853E+00  0.10003706E-01  0.13116267E+00    0.653061
   1.157  0.82735912E-01  0.68452311E-02  0.13154276E+00    0.669490
   1.171  0.65357698E-01  0.42716286E-02  0.13193096E+00    0.686122
   1.186  0.47904407E-01  0.22948322E-02  0.13232744E+00    0.702959
   1.200  0.30396411E-01  0.92394179E-03  0.13273239E+00    0.720000
   1.214  0.12853908E-01  0.16522294E-03  0.13314600E+00    0.737245
   1.229 -0.47031097E-02  0.22119240E-04  0.13356846E+00    0.754694
   1.243 -0.22254878E-01  0.49527961E-03  0.13399999E+00    0.772347
   1.257 -0.39781894E-01  0.15825991E-02  0.13444078E+00    0.790204
   1.271 -0.57264935E-01  0.32792727E-02  0.13489107E+00    0.808265
   1.286 -0.74685088E-01  0.55778624E-02  0.13535108E+00    0.826531
   1.300 -0.92023774E-01  0.84683750E-02  0.13582104E+00    0.845000
   1.314 -0.10926277E+00  0.11938352E-01  0.13630121E+00    0.863673
   1.329 -0.12638422E+00  0.15972972E-01  0.13679185E+00    0.882551
   1.343 -0.14337069E+00  0.20555154E-01  0.13729321E+00    0.901633
   1.357 -0.16020514E+00  0.25665687E-01  0.13780557E+00    0.920918
   1.371 -0.17687098E+00  0.31283345E-01  0.13832923E+00    0.940408
   1.386 -0.19335208E+00  0.37385028E-01  0.13886448E+00    0.960102
   1.400 -0.20963278E+00  0.43945901E-01  0.13941164E+00    0.980000
   1.414 -0.22569789E+00  0.50939537E-01  0.13997104E+00    1.000102
   1.429 -0.24153275E+00  0.58338070E-01  0.14054300E+00    1.020408
   1.443 -0.25712321E+00  0.66112344E-01  0.14112789E+00    1.040918
   1.457 -0.27245563E+00  0.74232071E-01  0.14172607E+00    1.061633
   1.471 -0.28751694E+00  0.82665991E-01  0.14233794E+00    1.082551
   1.486 -0.30229460E+00  0.91382024E-01  0.14296388E+00    1.103673
   1.500 -0.31677663E+00  0.10034743E+00  0.14360432E+00    1.125000
   1.514 -0.33095163E+00  0.10952898E+00  0.14425971E+00    1.146531
   1.529 -0.34480877E+00  0.11889309E+00  0.14493049E+00    1.168265
   1.543 -0.35833779E+00  0.12840598E+00  0.14561715E+00    1.190204
   1.557 -0.37152904E+00  0.13803382E+00  0.14632018E+00    1.212347
   1.571 -0.38437341E+00  0.14774292E+00  0.14704013E+00    1.234694
   1.586 -0.39686245E+00  0.15749980E+00  0.14777753E+00    1.257245
   1.600 -0.40898824E+00  0.16727138E+00  0.14853296E+00    1.280000
   1.614 -0.42074348E+00  0.17702508E+00  0.14930703E+00    1.302959
   1.629 -0.43212147E+00  0.18672897E+00  0.15010038E+00    1.326122
   1.643 -0.44311609E+00  0.19635187E+00  0.15091367E+00    1.349490
   1.657 -0.45372181E+00  0.20586348E+00  0.15174760E+00    1.373061
   1.671 -0.46393369E+00  0.21523447E+00  0.15260291E+00    1.396837
   1.686 -0.47374736E+00  0.22443656E+00  0.15348039E+00    1.420816
   1.700 -0.48315903E+00  0.23344265E+00  0.15438084E+00    1.445000
   1.714 -0.49216548E+00  0.24222686E+00  0.15530514E+00    1.469388
   1.729 -0.50076407E+00  0.25076465E+00  0.15625418E+00    1.493980
   1.743 -0.50895268E+00  0.25903283E+00  0.15722894E+00    1.518776
   1.757 -0.51672977E+00  0.26700965E+00  0.15823042E+00    1.543776
   1.771 -0.52409431E+00  0.27467484E+00  0.15925970E+00    1.568980
   1.786 -0.53104582E+00  0.28200966E+00  0.16031791E+00    1.594388
   1.800 -0.53758432E+00  0.28899690E+00  0.16140627E+00    1.620000
   1.814 -0.54371035E+00  0.29562095E+00  0.16252604E+00    1.645816
   1.829 -0.54942494E+00  0.30186776E+00  0.16367857E+00    1.671837
   1.843 -0.55472959E+00  0.30772492E+00  0.16486532E+00    1.698061
   1.857 -0.55962628E+00  0.31318158E+00  0.16608780E+00    1.724490
   1.871 -0.56411745E+00  0.31822850E+00  0.16734765E+00    1.751122
   1.886 -0.56820597E+00  0.32285803E+00  0.16864660E+00    1.777959
   1.900 -0.57189515E+00  0.32706407E+00  0.16998652E+00    1.805000
   1.914 -0.57518871E+00  0.33084205E+00  0.17136936E+00    1.832245
   1.929 -0.57809076E+00  0.33418892E+00  0.17279727E+00    1.859694
   1.943 -0.58060580E+00  0.33710309E+00  0.17427250E+00    1.887347
   1.957 -0.58273869E+00  0.33958438E+00  0.17579748E+00    1.915204
   1.971 -0.58449467E+00  0.34163402E+00  0.17737484E+00    1.943265
   1.986 -0.58587929E+00  0.34325454E+00  0.17900739E+00    1.971531
   2.000 -0.58689842E+00  0.34444976E+00  0.18069814E+00    2.000000
   2.014 -0.58755825E+00  0.34522470E+00  0.18245039E+00    2.028673
   2.029 -0.58786525E+00  0.34558555E+00  0.18426765E+00    2.057551
   2.043 -0.58782616E+00  0.34553960E+00  0.18615375E+00    2.086633
   2.057 -0.58744799E+00  0.34509514E+00  0.18811285E+00    2.115918
   2.071 -0.58673796E+00  0.34426144E+00  0.19014946E+00    2.145408
   2.086 -0.58570355E+00  0.34304865E+00  0.19226849E+00    2.175102
   2.100 -0.58435242E+00  0.34146776E+00  0.19447529E+00    2.205000
   2.114 -0.58269244E+00  0.33953048E+00  0.19677575E+00    2.235102
   2.129 -0.58073163E+00  0.33724923E+00  0.19917628E+00    2.265408
   2.143 -0.57847819E+00  0.33463702E+00  0.20168396E+00    2.295918
   2.157 -0.57594047E+00  0.33170742E+00  0.20430657E+00    2.326633
   2.171 -0.57312692E+00  0.32847447E+00  0.20705271E+00    2.357551
   2.186 -0.57004613E+00  0.32495259E+00  0.20993192E+00    2.388673
   2.200 -0.56670677E+00  0.32115656E+00  0.21295481E+00    2.420000
   2.214 -0.56311760E+00  0.31710143E+00  0.21613318E+00    2.451531
   2.229 -0.55928745E+00  0.31280245E+00  0.21948028E+00    2.483265
   2.243 -0.55522521E+00  0.30827503E+00  0.22301096E+00    2.515204
   2.257 -0.55093979E+00  0.30353465E+00  0.22674198E+00    2.547347
   2.271 -0.54644014E+00  0.29859683E+00  0.23069234E+00    2.579694
   2.286 -0.54173524E+00  0.29347707E+00  0.23488362E+00    2.612245
   2.300 -0.53683403E+00  0.28819078E+00  0.23934054E+00    2.645000
   2.314 -0.53174548E+00  0.28275326E+00  0.24409149E+00    2.677959
   2.329 -0.52647851E+00  0.27717962E+00  0.24916930E+00    2.711122
   2.343 -0.52104202E+00  0.27148478E+00  0.25461217E+00    2.744490
   2.357 -0.51544484E+00  0.26568339E+00  0.26046486E+00    2.778061
   2.371 -0.50969578E+00  0.25978979E+00  0.26678019E+00    2.811837
   2.386 -0.50380354E+00  0.25381801E+00  0.27362103E+00    2.845816
   2.400 -0.49777678E+00  0.24778172E+00  0.28106287E+00    2.880000
   2.414 -0.49162403E+00  0.24169419E+00  0.28919731E+00    2.914388
   2.429 -0.48535377E+00  0.23556828E+00  0.29813673E+00    2.948980
   2.443 -0.47897434E+00  0.22941642E+00  0.30802078E+00    2.983776
   2.457 -0.47249398E+00  0.22325056E+00  0.31902555E+00    3.018776
   2.471 -0.46592080E+00  0.21708219E+00  0.33137669E+00    3.053980
   2.486 -0.45926279E+00  0.21092231E+00  0.34536902E+00    3.089388
   2.500 -0.45252779E+00  0.20478140E+00  0.36139629E+00    3.125000
   2.514 -0.44572352E+00  0.19866946E+00  0.37999848E+00    3.160816
   2.529 -0.43885753E+00  0.19259593E+00  0.40193983E+00    3.196837
   2.543 -0.43193722E+00  0.18656977E+00  0.42834480E+00    3.233061
   2.557 -0.42496984E+00  0.18059937E+00  0.46095046E+00    3.269490
   2.571 -0.41796246E+00  0.17469262E+00  0.50261514E+00    3.306122
   2.586 -0.41092199E+00  0.16885688E+00  0.55846127E+00    3.342959
   2.600 -0.40385516E+00  0.16309899E+00  0.63886444E+00    3.380000
   2.614 -0.39676854E+00  0.15742528E+00  0.76931103E+00    3.417245
   2.629 -0.38966850E+00  0.15184154E+00  0.10397308E+01    3.454694
   2.643 -0.38256125E+00  0.14635311E+00  0.25297757E+01    3.492347
   2.657 -0.37545278E+00  0.14096479E+00  0.00000000E+00    3.530204
   2.671 -0.36834892E+00  0.13568093E+00  0.00000000E+00    3.568265
   2.686 -0.36125531E+00  0.13050540E+00  0.00000000E+00    3.606531
   2.700 -0.35417739E+00  0.12544163E+00  0.00000000E+00    3.645000
   2.714 -0.34712042E+00  0.12049259E+00  0.00000000E+00    3.683673
   2.729 -0.34008946E+00  0.11566084E+00  0.00000000E+00    3.722551
   2.743 -0.33308937E+00  0.11094853E+00  0.00000000E+00    3.761633
   2.757 -0.32612484E+00  0.10635741E+00  0.00000000E+00    3.800918
   2.771 -0.31920034E+00  0.10188886E+00  0.00000000E+00    3.840408
   2.786 -0.31232018E+00  0.97543898E-01  0.00000000E+00    3.880102
   2.800 -0.30548846E+00  0.93323202E-01  0.00000000E+00    3.920000
   2.814 -0.29870910E+00  0.89227125E-01  0.00000000E+00    3.960102
   2.829 -0.29198581E+00  0.85255715E-01  0.00000000E+00    4.000408
   2.843 -0.28532215E+00  0.81408729E-01  0.00000000E+00    4.040918
   2.857 -0.27872147E+00  0.77685656E-01  0.00000000E+00    4.081633
   2.871 -0.27218694E+00  0.74085728E-01  0.00000000E+00    4.122551
   2.886 -0.26572155E+00  0.70607945E-01  0.00000000E+00    4.163673
   2.900 -0.25932814E+00  0.67251084E-01  0.00000000E+00    4.205000
   2.914 -0.25300933E+00  0.64013722E-01  0.00000000E+00    4.246531
   2.929 -0.24676761E+00  0.60894251E-01  0.00000000E+00    4.288265
   2.943 -0.24060526E+00  0.57890891E-01  0.00000000E+00    4.330204
   2.957 -0.23452443E+00  0.55001709E-01  0.00000000E+00    4.372347
   2.971 -0.22852709E+00  0.52224633E-01  0.00000000E+00    4.414694
   2.986 -0.22261506E+00  0.49557467E-01  0.00000000E+00    4.457245
   3.000 -0.21679000E+00  0.46997904E-01  0.00000000E+00    4.500000
   3.014 -0.21105341E+00  0.44543541E-01  0.00000000E+00    4.542959
   3.029 -0.20540665E+00  0.42191892E-01  0.00000000E+00    4.586122
   3.043 -0.19985094E+00  0.39940398E-01  0.00000000E+00    4.629490
   3.057 -0.19438735E+00  0.37786443E-01  0.00000000E+00    4.673061
   3.071 -0.18901683E+00  0.35727361E-01  0.00000000E+00    4.716837
   3.086 -0.18374017E+00  0.33760450E-01  0.00000000E+00    4.760816
   3.100 -0.17855806E+00  0.31882981E-01  0.00000000E+00    4.805000
   3.114 -0.17347105E+00  0.30092204E-01  0.00000000E+00    4.849388
   3.129 -0.16847957E+00  0.28385365E-01  0.00000000E+00    4.893980
   3.143 -0.16358394E+00  0.26759706E-01  0.00000000E+00    4.938776
   3.157 -0.15878437E+00  0.25212476E-01  0.00000000E+00    4.983776
   3.171 -0.15408095E+00  0.23740940E-01  0.00000000E+00    5.028980
   3.186 -0.14947368E+00  0.22342382E-01  0.00000000E+00    5.074388
   3.200 -0.14496246E+00  0.21014116E-01  0.00000000E+00    5.120000
   3.214 -0.14054709E+00  0.19753483E-01  0.00000000E+00    5.165816
   3.229 -0.13622726E+00  0.18557867E-01  0.00000000E+00    5.211837
   3.243 -0.13200262E+00  0.17424691E-01  0.00000000E+00    5.258061
   3.257 -0.12787268E+00  0.16351423E-01  0.00000000E+00    5.304490
   3.271 -0.12383693E+00  0.15335585E-01  0.00000000E+00    5.351122
   3.286 -0.11989473E+00  0.14374747E-01  0.00000000E+00    5.397959
   3.300 -0.11604541E+00  0.13466538E-01  0.00000000E+00    5.445000
   3.314 -0.11228821E+00  0.12608642E-01  0.00000000E+00    5.492245
   3.329 -0.10862231E+00  0.11798807E-01  0.00000000E+00    5.539694
   3.343 -0.10504684E+00  0.11034839E-01  0.00000000E+00    5.587347
   3.357 -0.10156086E+00  0.10314609E-01  0.00000000E+00    5.635204
   3.371 -0.98163394E-01  0.96360518E-02  0.00000000E+00    5.683265
   3.386 -0.94853395E-01  0.89971666E-02  0.00000000E+00    5.731531
   3.400 -0.91629789E-01  0.83960183E-02  0.00000000E+00    5.780000
   3.414 -0.88491451E-01  0.78307370E-02  0.00000000E+00    5.828673
   3.429 -0.85437220E-01  0.72995185E-02  0.00000000E+00    5.877551
   3.443 -0.82465896E-01  0.68006240E-02  0.00000000E+00    5.926633
   3.457 -0.79576249E-01  0.63323795E-02  0.00000000E+00    5.975918
   3.471 -0.76767019E-01  0.58931752E-02  0.00000000E+00    6.025408
   3.486 -0.74036916E-01  0.54814649E-02  0.00000000E+00    6.075102
   3.500 -0.71384628E-01  0.50957651E-02  0.00000000E+00    6.125000
   3.514 -0.68808823E-01  0.47346541E-02  0.00000000E+00    6.175102
   3.529 -0.66308147E-01  0.43967703E-02  0.00000000E+00    6.225408
   3.543 -0.63881232E-01  0.40808117E-02  0.00000000E+00    6.275918
   3.557 -0.61526695E-01  0.37855342E-02  0.00000000E+00    6.326633
   3.571 -0.59243142E-01  0.35097499E-02  0.00000000E+00    6.377551
   3.586 -0.57029171E-01  0.32523263E-02  0.00000000E+00    6.428673
   3.600 -0.54883370E-01  0.30121843E-02  0.00000000E+00    6.480000
   3.614 -0.52804325E-01  0.27882968E-02  0.00000000E+00    6.531531
   3.629 -0.50790618E-01  0.25796869E-02  0.00000000E+00    6.583265
   3.643 -0.48840830E-01  0.23854267E-02  0.00000000E+00    6.635204
   3.657 -0.46953543E-01  0.22046352E-02  0.00000000E+00    6.687347
   3.671 -0.45127341E-01  0.20364769E-02  0.00000000E+00    6.739694
   3.686 -0.43360811E-01  0.18801600E-02  0.00000000E+00    6.792245
   3.700 -0.41652550E-01  0.17349349E-02  0.00000000E+00    6.845000
   3.714 -0.40001158E-01  0.16000926E-02  0.00000000E+00    6.897959
   3.729 -0.38405245E-01  0.14749629E-02  0.00000000E+00    6.951122
   3.743 -0.36863432E-01  0.13589126E-02  0.00000000E+00    7.004490
   3.757 -0.35374349E-01  0.12513446E-02  0.00000000E+00    7.058061
   3.771 -0.33936640E-01  0.11516956E-02  0.00000000E+00    7.111837
   3.786 -0.32548963E-01  0.10594350E-02  0.00000000E+00    7.165816
   3.800 -0.31209989E-01  0.97406338E-03  0.00000000E+00    7.220000
   3.814 -0.29918403E-01  0.89511087E-03  0.00000000E+00    7.274388
   3.829 -0.28672911E-01  0.82213584E-03  0.00000000E+00    7.328980
   3.843 -0.27472232E-01  0.75472352E-03  0.00000000E+00    7.383776
   3.857 -0.26315103E-01  0.69248466E-03  0.00000000E+00    7.438776
   3.871 -0.25200282E-01  0.63505423E-03  0.00000000E+00    7.493980
   3.886 -0.24126544E-01  0.58209014E-03  0.00000000E+00    7.549388
   3.900 -0.23092685E-01  0.53327208E-03  0.00000000E+00    7.605000
   3.914 -0.22097519E-01  0.48830033E-03  0.00000000E+00    7.660816
   3.929 -0.21139882E-01  0.44689463E-03  0.00000000E+00    7.716837
   3.943 -0.20218633E-01  0.40879312E-03  0.00000000E+00    7.773061
   3.957 -0.19332649E-01  0.37375132E-03  0.00000000E+00    7.829490
   3.971 -0.18480830E-01  0.34154109E-03  0.00000000E+00    7.886122
   3.986 -0.17662099E-01  0.31194973E-03  0.00000000E+00    7.942959
   4.000 -0.16875398E-01  0.28477907E-03  0.00000000E+00    8.000000
   4.014 -0.16119696E-01  0.25984458E-03  0.00000000E+00    8.057245
   4.029 -0.15393979E-01  0.23697458E-03  0.00000000E+00    8.114694
   4.043 -0.14697259E-01  0.21600943E-03  0.00000000E+00    8.172347
   4.057 -0.14028571E-01  0.19680079E-03  0.00000000E+00    8.230204
   4.071 -0.13386969E-01  0.17921093E-03  0.00000000E+00    8.288265
   4.086 -0.12771532E-01  0.16311202E-03  0.00000000E+00    8.346531
   4.100 -0.12181361E-01  0.14838556E-03  0.00000000E+00    8.405000
   4.114 -0.11615580E-01  0.13492170E-03  0.00000000E+00    8.463673
   4.129 -0.11073334E-01  0.12261872E-03  0.00000000E+00    8.522551
   4.143 -0.10553790E-01  0.11138248E-03  0.00000000E+00    8.581633
   4.157 -0.10056138E-01  0.10112591E-03  0.00000000E+00    8.640918
   4.171 -0.95795889E-02  0.91768524E-04  0.00000000E+00    8.700408
   4.186 -0.91233754E-02  0.83235978E-04  0.00000000E+00    8.760102
   4.200 -0.86867513E-02  0.75459647E-04  0.00000000E+00    8.820000
   4.214 -0.82689916E-02  0.68376221E-04  0.00000000E+00    8.880102
   4.229 -0.78693919E-02  0.61927329E-04  0.00000000E+00    8.940408
   4.243 -0.74872686E-02  0.56059191E-04  0.00000000E+00    9.000918
   4.257 -0.71219578E-02  0.50722283E-04  0.00000000E+00    9.061633
   4.271 -0.67728159E-02  0.45871036E-04  0.00000000E+00    9.122551
   4.286 -0.64392187E-02  0.41463538E-04  0.00000000E+00    9.183673
   4.300 -0.61205612E-02  0.37461269E-04  0.00000000E+00    9.245000
   4.314 -0.58162573E-02  0.33828849E-04  0.00000000E+00    9.306531
   4.329 -0.55257396E-02  0.30533798E-04  0.00000000E+00    9.368265
   4.343 -0.52484586E-02  0.27546318E-04  0.00000000E+00    9.430204
   4.357 -0.49838829E-02  0.24839089E-04  0.00000000E+00    9.492347
   4.371 -0.47314985E-02  0.22387079E-04  0.00000000E+00    9.554694
   4.386 -0.44908085E-02  0.20167361E-04  0.00000000E+00    9.617245
   4.400 -0.42613327E-02  0.18158956E-04  0.00000000E+00    9.680000
   4.414 -0.40426072E-02  0.16342673E-04  0.00000000E+00    9.742959
   4.429 -0.38341841E-02  0.14700968E-04  0.00000000E+00    9.806122
   4.443 -0.36356312E-02  0.13217814E-04  0.00000000E+00    9.869490
   4.457 -0.34465315E-02  0.11878579E-04  0.00000000E+00    9.933061
   4.471 -0.32664826E-02  0.10669908E-04  0.00000000E+00    9.996837
   4.486 -0.30950969E-02  0.95796245E-05  0.00000000E+00   10.060816
   4.500 -0.29320006E-02  0.85966274E-05  0.00000000E+00   10.125000
   4.514 -0.27768338E-02  0.77108058E-05  0.00000000E+00   10.189388
   4.529 -0.26292498E-02  0.69129546E-05  0.00000000E+00   10.253980
   4.543 -0.24889150E-02  0.61946981E-05  0.00000000E+00   10.318776
   4.557 -0.23555084E-02  0.55484196E-05  0.00000000E+00   10.383776
   4.571 -0.22287210E-02  0.49671971E-05  0.00000000E+00   10.448980
   4.586 -0.21082559E-02  0.44447428E-05  0.00000000E+00   10.514388
   4.600 -0.19938277E-02  0.39753488E-05  0.00000000E+00   10.580000
   4.614 -0.18851622E-02  0.35538363E-05  0.00000000E+00   10.645816
   4.629 -0.17819959E-02  0.31755093E-05  0.00000000E+00   10.711837
   4.643 -0.16840759E-02  0.28361118E-05  0.00000000E+00   10.778061
   4.657 -0.15911596E-02  0.25317889E-05  0.00000000E+00   10.844490
   4.671 -0.15030140E-02  0.22590510E-05  0.00000000E+00   10.911122
   4.686 -0.14194156E-02  0.20147407E-05  0.00000000E+00   10.977959
   4.700 -0.13401504E-02  0.17960031E-05  0.00000000E+00   11.045000
   4.714 -0.12650130E-02  0.16002580E-05  0.00000000E+00   11.112245
   4.729 -0.11938068E-02  0.14251746E-05  0.00000000E+00   11.179694
   4.743 -0.11263433E-02  0.12686492E-05  0.00000000E+00   11.247347
   4.757 -0.10624421E-02  0.11287832E-05  0.00000000E+00   11.315204
   4.771 -0.10019306E-02  0.10038650E-05  0.00000000E+00   11.383265
   4.786 -0.94464363E-03  0.89235158E-06  0.00000000E+00   11.451531
   4.800 -0.89042306E-03  0.79285322E-06  0.00000000E+00   11.520000
   4.814 -0.83911781E-03  0.70411871E-06  0.00000000E+00   11.588673
   4.829 -0.79058345E-03  0.62502220E-06  0.00000000E+00   11.657551
   4.843 -0.74468194E-03  0.55455120E-06  0.00000000E+00   11.726633
   4.857 -0.70128143E-03  0.49179564E-06  0.00000000E+00   11.795918
   4.871 -0.66025599E-03  0.43593797E-06  0.00000000E+00   11.865408
   4.886 -0.62148542E-03  0.38624413E-06  0.00000000E+00   11.935102
   4.900 -0.58485500E-03  0.34205538E-06  0.00000000E+00   12.005000
   4.914 -0.55025529E-03  0.30278089E-06  0.00000000E+00   12.075102
   4.929 -0.51758190E-03  0.26789102E-06  0.00000000E+00   12.145408
   4.943 -0.48673531E-03  0.23691126E-06  0.00000000E+00   12.215918
   4.957 -0.45762066E-03  0.20941667E-06  0.00000000E+00   12.286633
   4.971 -0.43014757E-03  0.18502693E-06  0.00000000E+00   12.357551
   4.986 -0.40422994E-03  0.16340185E-06  0.00000000E+00   12.428673
   5.000 -0.37978581E-03  0.14423726E-06  0.00000000E+00   12.500000
   5.014 -0.35673712E-03  0.12726137E-06  0.00000000E+00   12.571531
   5.029 -0.33500960E-03  0.11223144E-06  0.00000000E+00   12.643265
   5.043 -0.31453262E-03  0.98930768E-07  0.00000000E+00   12.715204
   5.057 -0.29523896E-03  0.87166044E-07  0.00000000E+00   12.787347
   5.071 -0.27706475E-03  0.76764874E-07  0.00000000E+00   12.859694
   5.086 -0.25994925E-03  0.67573612E-07  0.00000000E+00   12.932245
   5.100 -0.24383477E-03  0.59455396E-07  0.00000000E+00   13.005000
   5.114 -0.22866650E-03  0.52288369E-07  0.00000000E+00   13.077959
   5.129 -0.21439239E-03  0.45964099E-07  0.00000000E+00   13.151122
   5.143 -0.20096304E-03  0.40386143E-07  0.00000000E+00   13.224490
   5.157 -0.18833154E-03  0.35468770E-07  0.00000000E+00   13.298061
   5.171 -0.17645341E-03  0.31135807E-07  0.00000000E+00   13.371837
   5.186 -0.16528645E-03  0.27319612E-07  0.00000000E+00   13.445816
   5.200 -0.15479065E-03  0.23960145E-07  0.00000000E+00   13.520000
   5.214 -0.14492808E-03  0.21004147E-07  0.00000000E+00   13.594388
   5.229 -0.13566278E-03  0.18404391E-07  0.00000000E+00   13.668980
   5.243 -0.12696073E-03  0.16119026E-07  0.00000000E+00   13.743776
   5.257 -0.11878965E-03  0.14110981E-07  0.00000000E+00   13.818776
   5.271 -0.11111902E-03  0.12347437E-07  0.00000000E+00   13.893980
   5.286 -0.10391994E-03  0.10799354E-07  0.00000000E+00   13.969388
   5.300 -0.97165052E-04  0.94410474E-08  0.00000000E+00   14.045000
   5.314 -0.90828489E-04  0.82498143E-08  0.00000000E+00   14.120816
   5.329 -0.84885780E-04  0.72055956E-08  0.00000000E+00   14.196837
   5.343 -0.79313793E-04  0.62906778E-08  0.00000000E+00   14.273061
   5.357 -0.74090663E-04  0.54894263E-08  0.00000000E+00   14.349490
   5.371 -0.69195728E-04  0.47880488E-08  0.00000000E+00   14.426122
   5.386 -0.64609472E-04  0.41743839E-08  0.00000000E+00   14.502959
   5.400 -0.60313463E-04  0.36377138E-08  0.00000000E+00   14.580000
   5.414 -0.56290300E-04  0.31685979E-08  0.00000000E+00   14.657245
   5.429 -0.52523559E-04  0.27587243E-08  0.00000000E+00   14.734694
   5.443 -0.48997743E-04  0.24007788E-08  0.00000000E+00   14.812347
   5.457 -0.45698232E-04  0.20883284E-08  0.00000000E+00   14.890204
   5.471 -0.42611242E-04  0.18157179E-08  0.00000000E+00   14.968265
   5.486 -0.39723773E-04  0.15779782E-08  0.00000000E+00   15.046531
   5.500 -0.37023577E-04  0.13707452E-08  0.00000000E+00   15.125000
   5.514 -0.34499109E-04  0.11901885E-08  0.00000000E+00   15.203673
   5.529 -0.32139496E-04  0.10329472E-08  0.00000000E+00   15.282551
   5.543 -0.29934499E-04  0.89607426E-09  0.00000000E+00   15.361633
   5.557 -0.27874477E-04  0.77698647E-09  0.00000000E+00   15.440918
   5.571 -0.25950355E-04  0.67342093E-09  0.00000000E+00   15.520408
   5.586 -0.24153595E-04  0.58339616E-09  0.00000000E+00   15.600102
   5.600 -0.22476165E-04  0.50517801E-09  0.00000000E+00   15.680000
   5.614 -0.20910512E-04  0.43724951E-09  0.00000000E+00   15.760102
   5.629 -0.19449533E-04  0.37828432E-09  0.00000000E+00   15.840408
   5.643 -0.18086552E-04  0.32712338E-09  0.00000000E+00   15.920918
   5.657 -0.16815298E-04  0.28275426E-09  0.00000000E+00   16.001633
   5.671 -0.15629878E-04  0.24429307E-09  0.00000000E+00   16.082551
   5.686 -0.14524756E-04  0.21096854E-09  0.00000000E+00   16.163673
   5.700 -0.13494737E-04  0.18210793E-09  0.00000000E+00   16.245000
   5.714 -0.12534944E-04  0.15712481E-09  0.00000000E+00   16.326531
   5.729 -0.11640798E-04  0.13550818E-09  0.00000000E+00   16.408265
   5.743 -0.10808006E-04  0.11681300E-09  0.00000000E+00   16.490204
   5.757 -0.10032541E-04  0.10065187E-09  0.00000000E+00   16.572347
   5.771 -0.93106251E-05  0.86687739E-10  0.00000000E+00   16.654694
   5.786 -0.86387192E-05  0.74627469E-10  0.00000000E+00   16.737245
   5.800 -0.80135053E-05  0.64216268E-10  0.00000000E+00   16.820000
   5.814 -0.74318752E-05  0.55232769E-10  0.00000000E+00   16.902959
   5.829 -0.68909173E-05  0.47484741E-10  0.00000000E+00   16.986122
   5.843 -0.63879052E-05  0.40805332E-10  0.00000000E+00   17.069490
   5.857 -0.59202865E-05  0.35049793E-10  0.00000000E+00   17.153061
   5.871 -0.54856725E-05  0.30092603E-10  0.00000000E+00   17.236837
   5.886 -0.50818280E-05  0.25824976E-10  0.00000000E+00   17.320816
   5.900 -0.47066622E-05  0.22152669E-10  0.00000000E+00   17.405000
   5.914 -0.43582196E-05  0.18994078E-10  0.00000000E+00   17.489388
   5.929 -0.40346723E-05  0.16278580E-10  0.00000000E+00   17.573980
   5.943 -0.37343113E-05  0.13945081E-10  0.00000000E+00   17.658776
   5.957 -0.34555400E-05  0.11940757E-10  0.00000000E+00   17.743776
   5.971 -0.31968668E-05  0.10219957E-10  0.00000000E+00   17.828980
   5.986 -0.29568982E-05  0.87432472E-11  0.00000000E+00   17.914388
   6.000 -0.27343336E-05  0.74765803E-11  0.00000000E+00   18.000000
   6.014 -0.25279585E-05  0.63905744E-11  0.00000000E+00   18.085816
   6.029 -0.23366397E-05  0.54598852E-11  0.00000000E+00   18.171837
   6.043 -0.21593198E-05  0.46626620E-11  0.00000000E+00   18.258061
   6.057 -0.19950125E-05  0.39800749E-11  0.00000000E+00   18.344490
   6.071 -0.18427981E-05  0.33959050E-11  0.00000000E+00   18.431122
   6.086 -0.17018193E-05  0.28961888E-11  0.00000000E+00   18.517959
   6.100 -0.15712767E-05  0.24689104E-11  0.00000000E+00   18.605000
   6.114 -0.14504258E-05  0.21037349E-11  0.00000000E+00   18.692245
   6.129 -0.13385728E-05  0.17917771E-11  0.00000000E+00   18.779694
   6.143 -0.12350717E-05  0.15254020E-11  0.00000000E+00   18.867347
   6.157 -0.11393209E-05  0.12980520E-11  0.00000000E+00   18.955204
   6.171 -0.10507604E-05  0.11040975E-11  0.00000000E+00   19.043265
   6.186 -0.96886922E-06  0.93870756E-12  0.00000000E+00   19.131531
   6.200 -0.89316243E-06  0.79773912E-12  0.00000000E+00   19.220000
   6.214 -0.82318909E-06  0.67764028E-12  0.00000000E+00   19.308673
   6.229 -0.75852986E-06  0.57536755E-12  0.00000000E+00   19.397551
   6.243 -0.69879486E-06  0.48831426E-12  0.00000000E+00   19.486633
   6.257 -0.64362175E-06  0.41424895E-12  0.00000000E+00   19.575918
   6.271 -0.59267381E-06  0.35126225E-12  0.00000000E+00   19.665408
   6.286 -0.54563827E-06  0.29772113E-12  0.00000000E+00   19.755102
   6.300 -0.50222463E-06  0.25222958E-12  0.00000000E+00   19.845000
   6.314 -0.46216315E-06  0.21359478E-12  0.00000000E+00   19.935102
   6.329 -0.42520346E-06  0.18079798E-12  0.00000000E+00   20.025408
   6.343 -0.39111319E-06  0.15296953E-12  0.00000000E+00   20.115918
   6.357 -0.35967675E-06  0.12936737E-12  0.00000000E+00   20.206633
   6.371 -0.33069418E-06  0.10935864E-12  0.00000000E+00   20.297551
   6.386 -0.30398001E-06  0.92403846E-13  0.00000000E+00   20.388673
   6.400 -0.27936233E-06  0.78043310E-13  0.00000000E+00   20.480000
   6.414 -0.25668177E-06  0.65885532E-13  0.00000000E+00   20.571531
   6.429 -0.23579067E-06  0.55597241E-13  0.00000000E+00   20.663265
   6.443 -0.21655222E-06  0.46894866E-13  0.00000000E+00   20.755204
   6.457 -0.19883972E-06  0.39537235E-13  0.00000000E+00   20.847347
   6.471 -0.18253584E-06  0.33319333E-13  0.00000000E+00   20.939694
   6.486 -0.16753197E-06  0.28066960E-13  0.00000000E+00   21.032245
   6.500 -0.15372758E-06  0.23632169E-13  0.00000000E+00   21.125000
   6.514 -0.14102967E-06  0.19889369E-13  0.00000000E+00   21.217959
   6.529 -0.12935221E-06  0.16731993E-13  0.00000000E+00   21.311122
   6.543 -0.11861561E-06  0.14069663E-13  0.00000000E+00   21.404490
   6.557 -0.10874631E-06  0.11825761E-13  0.00000000E+00   21.498061
   6.571 -0.99676314E-07  0.99353676E-14  0.00000000E+00   21.591837
   6.586 -0.91342765E-07  0.83435007E-14  0.00000000E+00   21.685816
   6.600 -0.83687602E-07  0.70036147E-14  0.00000000E+00   21.780000
   6.614 -0.76657193E-07  0.58763252E-14  0.00000000E+00   21.874388
   6.629 -0.70202011E-07  0.49283223E-14  0.00000000E+00   21.968980
   6.643 -0.64276329E-07  0.41314465E-14  0.00000000E+00   22.063776
   6.657 -0.58837945E-07  0.34619037E-14  0.00000000E+00   22.158776
   6.671 -0.53847911E-07  0.28995975E-14  0.00000000E+00   22.253980
   6.686 -0.49270298E-07  0.24275623E-14  0.00000000E+00   22.349388
   6.700 -0.45071968E-07  0.20314823E-14  0.00000000E+00   22.445000
   6.714 -0.41222362E-07  0.16992831E-14  0.00000000E+00   22.540816
   6.729 -0.37693311E-07  0.14207857E-14  0.00000000E+00   22.636837
   6.743 -0.34458850E-07  0.11874123E-14  0.00000000E+00   22.733061
   6.757 -0.31495056E-07  0.99193856E-15  0.00000000E+00   22.829490
   6.771 -0.28779890E-07  0.82828208E-15  0.00000000E+00   22.926122
   6.786 -0.26293055E-07  0.69132473E-15  0.00000000E+00   23.022959
   6.800 -0.24015861E-07  0.57676157E-15  0.00000000E+00   23.120000
   6.814 -0.21931104E-07  0.48097332E-15  0.00000000E+00   23.217245
   6.829 -0.20022951E-07  0.40091856E-15  0.00000000E+00   23.314694
   6.843 -0.18276833E-07  0.33404263E-15  0.00000000E+00   23.412347
   6.857 -0.16679350E-07  0.27820071E-15  0.00000000E+00   23.510204
   6.871 -0.15218177E-07  0.23159290E-15  0.00000000E+00   23.608265
   6.886 -0.13881982E-07  0.19270943E-15  0.00000000E+00   23.706531
   6.900 -0.12660351E-07  0.16028448E-15  0.00000000E+00   23.805000
   6.914 -0.11543710E-07  0.13325723E-15  0.00000000E+00   23.903673
   6.929 -0.10523265E-07  0.11073910E-15  0.00000000E+00   24.002551
   6.943 -0.95909374E-08  0.91986080E-16  0.00000000E+00   24.101633
   6.957 -0.87393093E-08  0.76375527E-16  0.00000000E+00   24.200918
   6.971 -0.79615693E-08  0.63386586E-16  0.00000000E+00   24.300408
   6.986 -0.72514656E-08  0.52583754E-16  0.00000000E+00   24.400102
   7.000 -0.66032611E-08  0.43603057E-16  0.00000000E+00   24.500000
   7.014 -0.60116923E-08  0.36140444E-16  0.00000000E+00   24.600102
   7.029 -0.54719312E-08  0.29942031E-16  0.00000000E+00   24.700408
   7.043 -0.49795507E-08  0.24795925E-16  0.00000000E+00   24.800918
   7.057 -0.45304919E-08  0.20525357E-16  0.00000000E+00   24.901633
   7.071 -0.41210344E-08  0.16982925E-16  0.00000000E+00   25.002551
   7.086 -0.37477693E-08  0.14045775E-16  0.00000000E+00   25.103673
   7.100 -0.34075732E-08  0.11611555E-16  0.00000000E+00   25.205000
   7.114 -0.30975854E-08  0.95950356E-17  0.00000000E+00   25.306531
   7.129 -0.28151866E-08  0.79252757E-17  0.00000000E+00   25.408265
   7.143 -0.25579785E-08  0.65432541E-17  0.00000000E+00   25.510204
   7.157 -0.23237662E-08  0.53998894E-17  0.00000000E+00   25.612347
   7.171 -0.21105412E-08  0.44543841E-17  0.00000000E+00   25.714694
   7.186 -0.19164660E-08  0.36728418E-17  0.00000000E+00   25.817245
   7.200 -0.17398600E-08  0.30271127E-17  0.00000000E+00   25.920000
   7.214 -0.15791864E-08  0.24938298E-17  0.00000000E+00   26.022959
   7.229 -0.14330405E-08  0.20536051E-17  0.00000000E+00   26.126122
   7.243 -0.13001381E-08  0.16903592E-17  0.00000000E+00   26.229490
   7.257 -0.11793061E-08  0.13907628E-17  0.00000000E+00   26.333061
   7.271 -0.10694724E-08  0.11437712E-17  0.00000000E+00   26.436837
   7.286 -0.96965818E-09  0.94023699E-18  0.00000000E+00   26.540816
   7.300 -0.87896952E-09  0.77258742E-18  0.00000000E+00   26.645000
   7.314 -0.79659037E-09  0.63455622E-18  0.00000000E+00   26.749388
   7.329 -0.72177592E-09  0.52096049E-18  0.00000000E+00   26.853980
   7.343 -0.65384659E-09  0.42751536E-18  0.00000000E+00   26.958776
   7.357 -0.59218238E-09  0.35067997E-18  0.00000000E+00   27.063776
   7.371 -0.53621785E-09  0.28752958E-18  0.00000000E+00   27.168980
   7.386 -0.48543741E-09  0.23564948E-18  0.00000000E+00   27.274388
   7.400 -0.43937105E-09  0.19304692E-18  0.00000000E+00   27.380000
   7.414 -0.39759038E-09  0.15807811E-18  0.00000000E+00   27.485816
   7.429 -0.35970506E-09  0.12938773E-18  0.00000000E+00   27.591837
   7.443 -0.32535951E-09  0.10585881E-18  0.00000000E+00   27.698061
   7.457 -0.29422987E-09  0.86571217E-19  0.00000000E+00   27.804490
   7.471 -0.26602125E-09  0.70767306E-19  0.00000000E+00   27.911122
   7.486 -0.24046520E-09  0.57823514E-19  0.00000000E+00   28.017959
   7.500 -0.21731740E-09  0.47226854E-19  0.00000000E+00   28.125000
   7.514 -0.19635554E-09  0.38555496E-19  0.00000000E+00   28.232245
   7.529 -0.17737736E-09  0.31462728E-19  0.00000000E+00   28.339694
   7.543 -0.16019894E-09  0.25663702E-19  0.00000000E+00   28.447347
   7.557 -0.14465303E-09  0.20924500E-19  0.00000000E+00   28.555204
   7.571 -0.13058759E-09  0.17053118E-19  0.00000000E+00   28.663265
   7.586 -0.11786442E-09  0.13892022E-19  0.00000000E+00   28.771531
   7.600 -0.10635797E-09  0.11312018E-19  0.00000000E+00   28.880000
   7.614 -0.95954179E-10  0.92072044E-20  0.00000000E+00   28.988673
   7.629 -0.86549441E-10  0.74908057E-20  0.00000000E+00   29.097551
   7.643 -0.78049692E-10  0.60917545E-20  0.00000000E+00   29.206633
   7.657 -0.70369537E-10  0.49518718E-20  0.00000000E+00   29.315918
   7.671 -0.63431471E-10  0.40235516E-20  0.00000000E+00   29.425408
   7.686 -0.57165168E-10  0.32678565E-20  0.00000000E+00   29.535102
   7.700 -0.51506829E-10  0.26529535E-20  0.00000000E+00   29.645000
   7.714 -0.46398591E-10  0.21528292E-20  0.00000000E+00   29.755102
   7.729 -0.41787985E-10  0.17462357E-20  0.00000000E+00   29.865408
   7.743 -0.37627448E-10  0.14158248E-20  0.00000000E+00   29.975918
   7.757 -0.33873868E-10  0.11474389E-20  0.00000000E+00   30.086633
   7.771 -0.30488182E-10  0.92952926E-21  0.00000000E+00   30.197551
   7.786 -0.27435003E-10  0.75267940E-21  0.00000000E+00   30.308673
   7.800 -0.24682279E-10  0.60921489E-21  0.00000000E+00   30.420000
   7.814 -0.22200986E-10  0.49288379E-21  0.00000000E+00   30.531531
   7.829 -0.19964851E-10  0.39859527E-21  0.00000000E+00   30.643265
   7.843 -0.17950092E-10  0.32220581E-21  0.00000000E+00   30.755204
   7.857 -0.16135191E-10  0.26034440E-21  0.00000000E+00   30.867347
   7.871 -0.14500681E-10  0.21026976E-21  0.00000000E+00   30.979694
   7.886 -0.13028954E-10  0.16975364E-21  0.00000000E+00   31.092245
   7.900 -0.11704088E-10  0.13698567E-21  0.00000000E+00   31.205000
   7.914 -0.10511688E-10  0.11049559E-21  0.00000000E+00   31.317959
   7.929 -0.94387461E-11  0.89089929E-22  0.00000000E+00   31.431122
   7.943 -0.84735044E-11  0.71800277E-22  0.00000000E+00   31.544490
   7.957 -0.76053422E-11  0.57841230E-22  0.00000000E+00   31.658061
   7.971 -0.68246663E-11  0.46576070E-22  0.00000000E+00   31.771837
   7.986 -0.61228139E-11  0.37488850E-22  0.00000000E+00   31.885816
   8.000 -0.54919641E-11  0.30161670E-22  0.00000000E+00   32.000000
   8.014 -0.49250579E-11  0.24256195E-22  0.00000000E+00   32.114388
   8.029 -0.44157249E-11  0.19498627E-22  0.00000000E+00   32.228980
   8.043 -0.39582182E-11  0.15667491E-22  0.00000000E+00   32.343776
   8.057 -0.35473538E-11  0.12583719E-22  0.00000000E+00   32.458776
   8.071 -0.31784571E-11  0.10102590E-22  0.00000000E+00   32.573980
   8.086 -0.28473136E-11  0.81071946E-23  0.00000000E+00   32.689388
   8.100 -0.25501243E-11  0.65031339E-23  0.00000000E+00   32.805000
   8.114 -0.22834659E-11  0.52142163E-23  0.00000000E+00   32.920816
   8.129 -0.20442539E-11  0.41789740E-23  0.00000000E+00   33.036837
   8.143 -0.18297102E-11  0.33478393E-23  0.00000000E+00   33.153061
   8.157 -0.16373327E-11  0.26808584E-23  0.00000000E+00   33.269490
   8.171 -0.14648689E-11  0.21458409E-23  0.00000000E+00   33.386122
   8.186 -0.13102911E-11  0.17168627E-23  0.00000000E+00   33.502959
   8.200 -0.11717744E-11  0.13730553E-23  0.00000000E+00   33.620000
   8.214 -0.10476772E-11  0.10976275E-23  0.00000000E+00   33.737245
   8.229 -0.93652246E-12  0.87707433E-24  0.00000000E+00   33.854694
   8.243 -0.83698211E-12  0.70053905E-24  0.00000000E+00   33.972347
   8.257 -0.74786193E-12  0.55929746E-24  0.00000000E+00   34.090204
   8.271 -0.66808845E-12  0.44634218E-24  0.00000000E+00   34.208265
   8.286 -0.59669694E-12  0.35604724E-24  0.00000000E+00   34.326531
   8.300 -0.53282056E-12  0.28389775E-24  0.00000000E+00   34.445000
   8.314 -0.47568064E-12  0.22627207E-24  0.00000000E+00   34.563673
   8.329 -0.42457784E-12  0.18026634E-24  0.00000000E+00   34.682551
   8.343 -0.37888423E-12  0.14355326E-24  0.00000000E+00   34.801633
   8.357 -0.33803613E-12  0.11426843E-24  0.00000000E+00   34.920918
   8.371 -0.30152762E-12  0.90918907E-25  0.00000000E+00   35.040408
   8.386 -0.26890476E-12  0.72309770E-25  0.00000000E+00   35.160102
   8.400 -0.23976031E-12  0.57485007E-25  0.00000000E+00   35.280000
   8.414 -0.21372904E-12  0.45680103E-25  0.00000000E+00   35.400102
   8.429 -0.19048344E-12  0.36283941E-25  0.00000000E+00   35.520408
   8.443 -0.16972991E-12  0.28808241E-25  0.00000000E+00   35.640918
   8.457 -0.15120529E-12  0.22863041E-25  0.00000000E+00   35.761633
   8.471 -0.13467380E-12  0.18137032E-25  0.00000000E+00   35.882551
   8.486 -0.11992417E-12  0.14381807E-25  0.00000000E+00   36.003673
   8.500 -0.10676720E-12  0.11399236E-25  0.00000000E+00   36.125000
   8.514 -0.95033457E-13  0.90313579E-26  0.00000000E+00   36.246531
   8.529 -0.84571247E-13  0.71522958E-26  0.00000000E+00   36.368265
   8.543 -0.75244801E-13  0.56617800E-26  0.00000000E+00   36.490204
   8.557 -0.66932621E-13  0.44799757E-26  0.00000000E+00   36.612347
   8.571 -0.59526006E-13  0.35433454E-26  0.00000000E+00   36.734694
   8.586 -0.52927729E-13  0.28013445E-26  0.00000000E+00   36.857245
   8.600 -0.47050840E-13  0.22137815E-26  0.00000000E+00   36.980000
   8.614 -0.41817602E-13  0.17487118E-26  0.00000000E+00   37.102959
   8.629 -0.37158528E-13  0.13807562E-26  0.00000000E+00   37.226122
   8.643 -0.33011521E-13  0.10897605E-26  0.00000000E+00   37.349490
   8.657 -0.29321097E-13  0.85972674E-27  0.00000000E+00   37.473061
   8.671 -0.26037698E-13  0.67796170E-27  0.00000000E+00   37.596837
   8.686 -0.23117061E-13  0.53439853E-27  0.00000000E+00   37.720816
   8.700 -0.20519670E-13  0.42105686E-27  0.00000000E+00   37.845000
   8.714 -0.18210247E-13  0.33161309E-27  0.00000000E+00   37.969388
   8.729 -0.16157308E-13  0.26105861E-27  0.00000000E+00   38.093980
   8.743 -0.14332763E-13  0.20542811E-27  0.00000000E+00   38.218776
   8.757 -0.12711553E-13  0.16158357E-27  0.00000000E+00   38.343776
   8.771 -0.11271326E-13  0.12704280E-27  0.00000000E+00   38.468980
   8.786 -0.99921565E-14  0.99843192E-28  0.00000000E+00   38.594388
   8.800 -0.88562774E-14  0.78433650E-28  0.00000000E+00   38.720000
   8.814 -0.78478555E-14  0.61588836E-28  0.00000000E+00   38.845816
   8.829 -0.69527816E-14  0.48341172E-28  0.00000000E+00   38.971837
   8.843 -0.61584866E-14  0.37926958E-28  0.00000000E+00   39.098061
   8.857 -0.54537754E-14  0.29743666E-28  0.00000000E+00   39.224490
   8.871 -0.48286791E-14  0.23316142E-28  0.00000000E+00   39.351122
   8.886 -0.42743225E-14  0.18269833E-28  0.00000000E+00   39.477959
   8.900 -0.37828063E-14  0.14309624E-28  0.00000000E+00   39.605000
   8.914 -0.33471009E-14  0.11203085E-28  0.00000000E+00   39.732245
   8.929 -0.29609522E-14  0.87672379E-29  0.00000000E+00   39.859694
   8.943 -0.26187973E-14  0.68580994E-29  0.00000000E+00   39.987347
   8.957 -0.23156893E-14  0.53624171E-29  0.00000000E+00   40.115204
   8.971 -0.20472300E-14  0.41911505E-29  0.00000000E+00   40.243265
   8.986 -0.18095096E-14  0.32743251E-29  0.00000000E+00   40.371531
   9.000 -0.15990540E-14  0.25569736E-29  0.00000000E+00   40.500000
   9.014 -0.14127760E-14  0.19959359E-29  0.00000000E+00   40.628673
   9.029 -0.12479335E-14  0.15573381E-29  0.00000000E+00   40.757551
   9.043 -0.11020913E-14  0.12146053E-29  0.00000000E+00   40.886633
   9.057 -0.97308708E-15  0.94689847E-30  0.00000000E+00   41.015918
   9.071 -0.85900133E-15  0.73788329E-30  0.00000000E+00   41.145408
   9.086 -0.75813052E-15  0.57476189E-30  0.00000000E+00   41.275102
   9.100 -0.66896308E-15  0.44751161E-30  0.00000000E+00   41.405000
   9.114 -0.59015808E-15  0.34828656E-30  0.00000000E+00   41.535102
   9.129 -0.52052622E-15  0.27094755E-30  0.00000000E+00   41.665408
   9.143 -0.45901293E-15  0.21069287E-30  0.00000000E+00   41.795918
   9.157 -0.40468331E-15  0.16376858E-30  0.00000000E+00   41.926633
   9.171 -0.35670874E-15  0.12724112E-30  0.00000000E+00   42.057551
   9.186 -0.31435494E-15  0.98819027E-31  0.00000000E+00   42.188673
   9.200 -0.27697140E-15  0.76713155E-31  0.00000000E+00   42.320000
   9.214 -0.24398193E-15  0.59527181E-31  0.00000000E+00   42.451531
   9.229 -0.21487630E-15  0.46171822E-31  0.00000000E+00   42.583265
   9.243 -0.18920276E-15  0.35797686E-31  0.00000000E+00   42.715204
   9.257 -0.16656148E-15  0.27742727E-31  0.00000000E+00   42.847347
   9.271 -0.14659859E-15  0.21491147E-31  0.00000000E+00   42.979694
   9.286 -0.12900102E-15  0.16641264E-31  0.00000000E+00   43.112245
   9.300 -0.11349184E-15  0.12880399E-31  0.00000000E+00   43.245000
   9.314 -0.99826141E-16  0.99652584E-32  0.00000000E+00   43.377959
   9.329 -0.87787371E-16  0.77066225E-32  0.00000000E+00   43.511122
   9.343 -0.77184114E-16  0.59573875E-32  0.00000000E+00   43.644490
   9.357 -0.67847198E-16  0.46032422E-32  0.00000000E+00   43.778061
   9.371 -0.59627141E-16  0.35553960E-32  0.00000000E+00   43.911837
   9.386 -0.52391896E-16  0.27449108E-32  0.00000000E+00   44.045816
   9.400 -0.46024837E-16  0.21182856E-32  0.00000000E+00   44.180000
   9.414 -0.40422982E-16  0.16340174E-32  0.00000000E+00   44.314388
   9.429 -0.35495419E-16  0.12599247E-32  0.00000000E+00   44.448980
   9.443 -0.31161907E-16  0.97106443E-33  0.00000000E+00   44.583776
   9.457 -0.27351639E-16  0.74811217E-33  0.00000000E+00   44.718776
   9.471 -0.24002149E-16  0.57610315E-33  0.00000000E+00   44.853980
   9.486 -0.21058337E-16  0.44345354E-33  0.00000000E+00   44.989388
   9.500 -0.18471614E-16  0.34120054E-33  0.00000000E+00   45.125000
   9.514 -0.16199144E-16  0.26241225E-33  0.00000000E+00   45.260816
   9.529 -0.14203164E-16  0.20172987E-33  0.00000000E+00   45.396837
   9.543 -0.12450399E-16  0.15501243E-33  0.00000000E+00   45.533061
   9.557 -0.10911527E-16  0.11906143E-33  0.00000000E+00   45.669490
   9.571 -0.95607220E-17  0.91407405E-34  0.00000000E+00   45.806122
   9.586 -0.83752355E-17  0.70144570E-34  0.00000000E+00   45.942959
   9.600 -0.73350382E-17  0.53802785E-34  0.00000000E+00   46.080000
   9.614 -0.64224966E-17  0.41248463E-34  0.00000000E+00   46.217245
   9.629 -0.56220902E-17  0.31607898E-34  0.00000000E+00   46.354694
   9.643 -0.49201603E-17  0.24207977E-34  0.00000000E+00   46.492347
   9.657 -0.43046891E-17  0.18530349E-34  0.00000000E+00   46.630204
   9.671 -0.37651044E-17  0.14176011E-34  0.00000000E+00   46.768265
   9.686 -0.32921066E-17  0.10837966E-34  0.00000000E+00   46.906531
   9.700 -0.28775170E-17  0.82801039E-35  0.00000000E+00   47.045000
   9.714 -0.25141430E-17  0.63209151E-35  0.00000000E+00   47.183673
   9.729 -0.21956599E-17  0.48209225E-35  0.00000000E+00   47.322551
   9.743 -0.19165059E-17  0.36729947E-35  0.00000000E+00   47.461633
   9.757 -0.16717897E-17  0.27948808E-35  0.00000000E+00   47.600918
   9.771 -0.14572094E-17  0.21234593E-35  0.00000000E+00   47.740408
   9.786 -0.12689802E-17  0.16103106E-35  0.00000000E+00   47.880102
   9.800 -0.11037707E-17  0.12183098E-35  0.00000000E+00   48.020000
   9.814 -0.95864728E-18  0.91900461E-36  0.00000000E+00   48.160102
   9.829 -0.83102396E-18  0.69060083E-36  0.00000000E+00   48.300408
   9.843 -0.71861870E-18  0.51641284E-36  0.00000000E+00   48.440918
   9.857 -0.61941440E-18  0.38367420E-36  0.00000000E+00   48.581633
   9.871 -0.53162435E-18  0.28262445E-36  0.00000000E+00   48.722551
   9.886 -0.45366144E-18  0.20580870E-36  0.00000000E+00   48.863673
   9.900 -0.38411070E-18  0.14754103E-36  0.00000000E+00   49.005000
   9.914 -0.32170466E-18  0.10349389E-36  0.00000000E+00   49.146531
   9.929 -0.26530113E-18  0.70384689E-37  0.00000000E+00   49.288265
   9.943 -0.21386304E-18  0.45737402E-37  0.00000000E+00   49.430204
   9.957 -0.16644005E-18  0.27702291E-37  0.00000000E+00   49.572347
   9.971 -0.12215144E-18  0.14920974E-37  0.00000000E+00   49.714694
   9.986 -0.80170197E-19  0.64272605E-38  0.00000000E+00   49.857245
  10.000 -0.39707877E-19  0.15767155E-38  0.00000000E+00   50.000000


